0 0 0.050000000000000003 39.235999999999997 1402 1402 1401 112 1 2 0.29377586122543092 2 0.29377586122543092 0.02661229754251147 4 0.35608719490669871 4 0.36328063140044342 0.079894076579325901 0 0 0 0 0 0 0 0 0 0
1 0.050000000000000003 0.10000000000000001 38.244999999999997 4674 6076 4769 121 1 7 0.54670226763165186 6 0.73724972255646237 0.5432450855345955 10 0.59573781812513193 6 0.6200503220429292 0.41138640955332162 1 3.8674745559692383 1 9.9006595611572266 6.171069169044495 0 0 0 0 0
2 0.10000000000000001 0.14999999999999999 41.167999999999999 4490 10566 5792 121 1 13 0.76820454332563615 7 0.88245377843342132 0.73308633149616309 18 0.78851403545688936 8 0.85418700398625558 0.67400994767369449 2 5.7833285331726074 1 13.131046295166016 8.1032373952865608 0 0 0 0 0
3 0.14999999999999999 0.20000000000000001 35.518999999999998 4482 15048 6211 121 1 18 0.70367621618603904 7 1.1138169803316631 0.85753600385453976 24 0.74200043420533879 8 0.80379945136405329 0.6946987966846776 3 6.9467377662658691 1 14.2716064453125 8.8481852531433098 0 0 0 0 0
4 0.20000000000000001 0.25 38.246000000000002 4514 19562 6491 121 1 24 0.92613270263823255 8 0.92613270263823255 0.73214158455530831 30 0.68642044582882444 8 0.83167487737294787 0.7036748049452497 4 8.4417104721069336 1 14.199187278747559 8.5199277973175054 0 0 0 0 0
5 0.25 0.29999999999999999 34.555999999999997 4563 24125 6695 121 1 29 0.76126233642063446 9 1.2221007157885839 0.95687808216564241 39 0.87761079685108079 9 1.0298857792003735 0.78368809767027159 5 10.588292121887207 1 14.009682655334473 7.8748127841949467 0 0 0 0 0
6 0.29999999999999999 0.35000000000000003 36.215000000000003 4408 28533 6852 121 1 34 0.73200239666870659 9 1.0204617906184423 0.82261923140476612 44 0.68649267377080148 9 0.88540512291160789 0.72975392305528786 6 12.502436637878418 1 14.381223678588867 8.1049316120147701 0 0 0 0 0
7 0.35000000000000003 0.40000000000000002 40.396999999999998 4603 33136 6992 121 1 40 0.86087043802179986 10 1.0943807472903577 0.82479717140987763 52 0.72853099268835941 10 0.98920336542902765 0.82324553909817255 6 4.599390983581543 1 12.25487232208252 7.8242822742462161 0 0 0 0 0
8 0.40000000000000002 0.45000000000000001 38.555 4500 37636 7092 121 1 46 1.0123121195605822 10 1.096624588963413 0.80244857870929309 60 0.7829975766104621 11 0.95902235765714905 0.81094113546448754 7 5.7173314094543457 1 14.062360763549805 8.8932011604309089 0 0 0 0 0
9 0.45000000000000001 0.5 34.700000000000003 4524 42160 7170 121 1 48 0.57290987678552197 10 0.99226699658625184 0.75248322951710878 68 0.83212875796330943 11 0.94735336416476479 0.81622334873676305 8 7.6466536521911621 1 13.657215118408203 8.0899057006835946 0 0 0 0 0
10 0.5 0.55000000000000004 35.866 4491 46651 7237 121 1 54 0.68748374595417683 10 0.99157984506723185 0.83894901420008239 75 0.79006802061119596 11 1.0043731427675968 0.79839844490064149 9 10.919021606445312 1 13.336523056030273 6.7602438926696777 0 0 0 0 0
11 0.55000000000000004 0.59999999999999998 38.435000000000002 4476 51127 7293 121 1 60 0.89338532362192391 10 0.93192826375357862 0.74853150126317336 82 0.7581145048040796 11 0.88793651070949198 0.78839185135650458 10 13.340974807739258 1 14.165934562683105 7.6021840953826905 0 0 0 0 0
12 0.59999999999999998 0.65000000000000002 33.911000000000001 4566 55693 7358 121 1 65 0.86966602266248727 10 1.009494327895698 0.81713382740955909 88 0.63498830916108306 11 0.87591284886002541 0.77054775409591769 10 4.9078726768493652 1 13.07680606842041 8.3490565586090089 0 0 0 0 0
13 0.65000000000000002 0.70000000000000007 34.887999999999998 4512 60205 7414 121 1 69 0.75317933098117396 10 0.97318045537002262 0.7502464681190425 97 0.87095650007595882 11 0.90650089322715188 0.73935652686006093 11 5.8308148384094238 1 14.341485977172852 9.0862546634674075 0 0 0 0 0
14 0.70000000000000007 0.75 34.835000000000001 4513 64718 7445 121 1 73 0.66710883836651824 10 0.91869393961748025 0.72013337301658575 104 0.77248381665228183 11 1.0494922498996193 0.85424801003187922 12 7.262209415435791 1 14.050861358642578 8.5828726768493659 0 0 0 0 0
15 0.75 0.80000000000000004 35.575000000000003 4511 69229 7494 121 1 79 0.83834528538032571 10 1.0657456216734043 0.78285111406901664 111 0.73115998860952014 11 0.94826333615425473 0.79766869189117018 13 8.7979831695556641 1 14.218193054199219 8.4795320224761959 0 0 0 0 0
16 0.80000000000000004 0.84999999999999998 39.057000000000002 4526 73755 7533 121 1 84 0.84907569511871395 10 0.9695044953682338 0.7830273653661689 119 0.88800689861480453 11 0.88800689861480453 0.70958109760787835 14 11.182065010070801 1 13.933710098266602 7.6396798515319828 0 0 0 0 0
17 0.84999999999999998 0.90000000000000002 39.201000000000001 4517 78272 7569 121 1 88 0.76030629292703422 10 0.85441843713222565 0.72280541617546124 128 1.0069970456329551 11 1.0480933642065202 0.85516875445110285 15 13.626101493835449 1 14.182193756103516 7.580319881439209 0 0 0 0 0
18 0.90000000000000002 0.95000000000000007 36.357999999999997 4555 82827 7604 121 1 93 0.7488625248396501 10 1.0492320993562894 0.80498049131449545 134 0.84435774692007015 11 0.98705717276882476 0.80966704091993535 16 14.336854934692383 1 15.223395347595215 9.2963297748565665 0 0 0 0 0
19 0.95000000000000007 1 36.435000000000002 4514 87341 7639 121 1 98 0.72728651210257933 10 0.99908585978462527 0.81501182314861265 140 0.75488429750139652 11 0.83427613268832901 0.73723032016568912 16 5.2742376327514648 1 14.052966117858887 8.9722988414764409 0 0 0 0 0
20 1 1.05 41.603999999999999 6671 94012 8031 203 1 904 81.815050700354192 126 81.815050700354192 47.656881017230823 1313 80.626952279580607 185 80.626952279580607 47.73476626308544 18 12.184144973754883 1 18.918407440185547 13.158958044052124 0 0 0 0 0
21 1.05 1.1000000000000001 43.758000000000003 6367 100379 8097 203 1 1615 102.57059539310517 126 104.49579184395927 92.308467172289653 2392 104.2493392944336 185 105.52685439651077 93.261703139021591 21 22.669281959533691 2 27.140058517456055 19.61935987472534 0 0 0 0 0
22 1.1000000000000001 1.1500000000000001 42.332000000000001 6600 106979 8145 222 1 2365 113.12538546607608 126 115.25034096127465 108.59801962474036 3504 114.76206050563503 185 115.87924689215583 109.80827177305478 24 28.082420825958252 2 32.121059417724609 24.640812010765075 0 0 0 0 0
23 1.1500000000000001 1.2 42.078000000000003 6418 113397 8177 222 1 3076 111.54954147338867 126 120.08201895819769 114.41729649013944 4565 113.60131572001688 185 120.77601446203283 115.85189103822449 27 33.79392147064209 2 35.173076629638672 24.345422613620759 0 0 0 0 0
24 1.2 1.25 42.186999999999998 6620 120017 8208 224 1 3866 120.00712246365018 126 120.00712246365018 117.02353591434539 5731 121.4732621476457 185 121.4732621476457 118.26056406299486 29 27.411537647247314 2 33.124757766723633 26.318782839775086 0 0 0 0 0
25 1.25 1.3 41.906999999999996 6455 126472 8234 224 1 4588 116.90865156385634 126 121.96181578863235 117.6707726651147 6805 118.49072970828495 185 122.45201849035314 119.06091897335567 31 24.298845529556274 2 28.275170087814331 23.081678550243378 0 0 0 0 0
26 1.3 1.3500000000000001 45.216999999999999 6551 133023 8259 224 1 5334 117.29520416259766 126 121.93093781244187 118.02998948112365 7919 119.37841681403083 185 123.44611036970808 119.55358525869005 34 27.041028022766113 2 34.959367752075195 27.285139670372008 0 0 0 0 0
27 1.3500000000000001 1.4000000000000001 45.331000000000003 6429 139452 8284 224 1 6074 116.89273967440167 126 121.19268096439423 117.85877226935494 9008 117.7397119058145 185 121.980265065786 119.35210889084276 36 23.334736347198486 2 29.147662401199341 23.669348037242891 0 0 0 0 0
28 1.4000000000000001 1.45 42.174999999999997 6606 146058 8305 224 1 6833 119.28079605102539 126 121.68816393897647 118.11193649291995 10148 121.46700464197107 185 122.93304406243402 119.55309060256546 39 30.313411712646484 2 34.868721961975098 23.09087466239929 0 0 0 0 0
29 1.45 1.5 41.825000000000003 6492 152550 8324 224 1 7588 121.11304915897431 126 121.75044595627557 118.02726421295652 11258 121.96347190238335 185 122.89077074205554 119.50846596465237 41 24.013673067092896 2 32.357389450073242 26.236950297355651 0 0 0 0 0
30 1.5 1.55 38.134999999999998 4485 157035 8345 224 1 7591 44.879314331781295 126 118.71485143994528 75.950158925737639 11263 45.209797730316986 185 119.65546940983953 76.529267202841268 42 17.441361665725708 2 23.538171052932739 16.506812279224395 0 0 0 0 0
31 1.55 1.6000000000000001 34.783000000000001 4559 161594 8366 224 1 7595 16.828925571744403 126 43.990644818260556 28.405751456003337 11270 17.102994233208733 185 44.31458404128616 28.583438542649557 42 6.4163213968276978 2 17.095999598503113 10.915162302255631 0 0 0 0 0
32 1.6000000000000001 1.6500000000000001 34.783999999999999 4485 166079 8375 224 1 7601 6.7638210152822831 126 16.495690519847567 10.917174335282944 11279 6.8560444934948075 185 16.764332219716664 11.117799630861025 43 6.7209995239973068 2 15.260021030902863 9.6983584555983544 0 0 0 0 0
33 1.6500000000000001 1.7 35.844999999999999 4519 170598 8384 224 1 7606 2.9681949710089062 126 6.6298884134443981 4.5514488624580336 11285 2.8583738178820224 185 6.720285750724174 4.6064777634337153 44 7.6930630095303059 2 14.589743092656136 9.0376252321153885 0 0 0 0 0
34 1.7 1.75 35.008000000000003 4522 175120 8398 224 1 7610 1.4443039624463945 126 2.9094208147790699 2.1436243407215385 11292 1.505226537343618 185 2.9088084214442484 2.0964186350332721 45 8.8351724967360497 2 14.566738221794367 8.8692692682519549 0 0 0 0 0
35 1.75 1.8 35.008000000000003 4523 179643 8409 224 1 7615 1.0040938608230106 126 1.415704844962983 1.2294736976519465 11300 1.0888639402550619 185 1.5824552233154709 1.2770777436317624 46 10.439634851180017 2 14.376709890551865 8.4115287361666553 0 0 0 0 0
36 1.8 1.8500000000000001 34.890000000000001 4504 184147 8425 224 1 7620 0.94263572145312546 126 0.98421148601032438 0.85449639759602991 11306 0.84012165879075595 185 1.0673029892347954 0.89491185010768259 47 12.7990156437736 2 14.145099362824112 7.6641327917343007 0 0 0 0 0
37 1.8500000000000001 1.9000000000000001 35.533000000000001 4436 188583 8439 224 1 7624 0.79025261246022727 126 0.99568887261880767 0.78578499084072473 11315 0.96667225630702203 185 0.98158530909064656 0.84768367046963533 47 4.7084975962061435 2 12.545578214107081 8.0098865996883255 0 0 0 0 0
38 1.9000000000000001 1.95 34.237000000000002 4573 193156 8459 224 1 7629 0.74646249888760463 126 0.99820745536791422 0.83700444775352656 11321 0.79620993134339113 185 0.96439559774825701 0.81741209608205689 48 5.8387853581807576 2 14.076722400030121 8.8809756866027598 0 0 0 0 0
39 1.95 2 38.887 4542 197698 8469 224 1 7633 0.58453664293010088 126 1.0377655452605159 0.79523274440569636 11328 0.82344078997250747 185 0.8431980605186844 0.72979727021237295 49 7.1638125792087521 2 14.140488288656343 8.6881769404935767 0 0 0 0 0
