0 0 0.10000000000000001 91.921000000000006 9928 9928 5196 292 1 1451 100.1123906090146 126 104.83069192795526 65.601412328689804 2154 101.41355541332348 185 104.80778491045977 66.231017801439435 5 27.643630504608154 2 29.353016376495361 11.315936717987061 0 0 0 0 0
1 0.10000000000000001 0.20000000000000001 92.597999999999999 13017 22945 6640 292 1 2960 117.43284824916294 126 119.64068651956225 111.18799656035409 4396 119.22096541121199 185 120.53742123165647 112.37422983324205 9 23.117095768451691 2 27.704169750213623 22.240712047815322 0 0 0 0 0
2 0.20000000000000001 0.29999999999999999 92.165000000000006 13018 35963 7147 292 1 4422 115.07942793104384 126 123.02571305774507 117.19673053257046 6565 116.6298044153162 185 123.69730397817251 118.52591237496038 14 25.33892297744751 2 34.581415176391602 23.900158901214599 0 0 0 0 0
3 0.29999999999999999 0.40000000000000002 94.641999999999996 13026 48989 7442 292 1 5928 118.04961861504449 126 123.15492617894732 118.05351144275966 8805 119.82583284120302 185 124.06239112647805 119.49899156436408 19 31.302458763122559 2 34.594563484191895 22.047949846982956 0 0 0 0 0
4 0.40000000000000002 0.5 92.613 12951 61940 7621 292 1 7390 114.022277650379 126 122.97760603162978 118.02533764854314 10980 115.79168944487701 185 123.85165351661476 119.56452252815866 24 29.106977462768555 2 34.157353401184082 26.086801643371583 0 0 0 0 0
5 0.5 0.59999999999999998 93.754000000000005 13049 74989 7747 292 1 8896 116.8804174756247 126 123.03236050075955 118.10899153512624 13222 119.03220029263883 185 123.99557272421347 119.58508971095733 29 29.066020488739014 2 33.433877944946289 25.020273368358612 0 0 0 0 0
6 0.59999999999999998 0.70000000000000007 91.596000000000004 13100 88089 7870 292 1 10401 119.27122963799371 126 122.8196163480244 118.260950615898 15435 119.06231103845545 185 123.85046176394901 119.60671433113717 33 22.311056554317474 2 30.588992118835449 23.343821086287498 0 0 0 0 0
7 0.70000000000000007 0.80000000000000004 95.605999999999995 13052 101141 7951 292 1 11905 121.57085158332946 126 122.63267038738917 118.22671790895005 17678 122.49412062361434 185 123.65830882304424 119.54442616354457 38 23.047228336334229 2 33.228280067443848 24.635583325028421 0 0 0 0 0
8 0.80000000000000004 0.90000000000000002 99.103999999999999 12997 114138 8022 292 1 13371 117.97645671783931 126 122.39115917871869 118.12847290281272 19855 118.70914908744193 185 123.14736567316828 119.54927522030394 43 25.338785648345947 2 35.342655181884766 23.865644151568414 0 0 0 0 0
9 0.90000000000000002 1 103.68000000000001 13110 127248 8089 292 1 14875 120.32089118352012 126 122.66434739127992 118.20452292366636 22095 121.80724392452755 185 123.26088916675465 119.54744418128762 48 24.083104133605957 2 35.8834228515625 25.621588990688323 0 0 0 0 0
10 1 1.1000000000000001 101.655 12933 140181 8164 292 1 16335 115.64662903074235 126 122.40271256461976 118.18683494870628 24271 117.94283162709829 185 123.5184847857501 119.53454690675484 53 26.54277515411377 2 36.552786827087402 23.782421452999117 0 0 0 0 0
11 1.1000000000000001 1.2 104.43300000000001 13081 153262 8216 292 1 17843 118.70351640004961 126 122.23271699935671 118.1693078510345 26509 120.69699187407622 185 123.53235106597076 119.60959189255175 58 23.499515056610107 2 34.362972259521484 26.506463525295256 0 0 0 0 0
12 1.2 1.3 110.245 12960 166222 8267 292 1 19310 114.97451467362662 126 122.51671709333148 118.27446964324467 28685 116.67443913640203 185 123.39437082651499 119.61282829408388 62 17.171877384185791 2 31.163902282714844 23.132292847633362 0 0 0 0 0
13 1.3 1.4000000000000001 103.73099999999999 13042 179264 8311 292 1 20815 117.53464126586914 126 122.21958396548317 118.17711553119476 30928 120.06110423320048 185 123.86487913389463 119.56675969263023 68 27.020440578460693 2 33.489296436309814 25.124796025156975 0 0 0 0 0
14 1.4000000000000001 1.5 92.742999999999995 12982 192246 8347 292 1 22283 114.44200255378844 126 122.14838899884906 118.03882297576419 33097 115.59993661416543 185 123.16322219436233 119.45157277576349 73 27.589745759963989 2 34.654008865356445 24.718181616663934 0 0 0 0 0
15 1.5 1.6000000000000001 92.215000000000003 13162 205408 8387 292 1 23821 122.26055242144872 126 122.60446942041791 118.1931547570607 35369 122.2687954876874 185 123.41986096356366 119.5095867664234 78 30.167124271392822 2 34.418498992919922 23.72415305197239 0 0 0 0 0
16 1.6000000000000001 1.7 92.605000000000004 12912 218320 8407 292 1 25283 117.88201492551774 126 122.09372862558516 118.1991742300609 37548 118.76309447417388 185 123.15189316208298 119.51914025713945 82 24.614775121212006 2 29.569775104522705 22.748506764173509 0 0 0 0 0
17 1.7 1.8 94.757999999999996 13114 231434 8435 292 1 26789 120.58955795045883 126 122.00284951830668 118.1835070867387 39791 122.10776936299092 185 123.30387070114548 119.58754561718088 87 25.293202877044678 2 32.622635364532471 24.664171417653559 0 0 0 0 0
18 1.8 1.9000000000000001 101.03700000000001 12898 244332 8462 292 1 28259 117.502196781219 126 121.56714060949901 118.19494097815623 41970 118.38977116765203 185 123.12270986196157 119.62423113230113 92 25.230393409729004 2 36.509499549865723 25.03109027147293 0 0 0 0 0
19 1.9000000000000001 2 103.29300000000001 13144 257476 8490 292 1 29759 119.29251231844464 126 121.59208467271593 118.16136142125205 44210 121.27668168351457 185 123.03547590101087 119.651986782177 97 29.857351303100586 2 35.745737075805664 22.70957815885544 0 0 0 0 0
20 2 2.1000000000000001 99.628 12948 270424 8512 292 1 31228 116.01000855461 126 122.694028521341 118.2121785233513 46385 117.24012335699958 185 123.11077348863756 119.5657096635973 102 28.426850318908691 2 35.422031402587891 25.708123404979705 0 0 0 0 0
21 2.1000000000000001 2.2000000000000002 104.054 13044 283468 8516 292 1 32728 117.63793963477725 126 122.29756388588557 118.24174332512746 48626 120.38681677740973 185 122.8545821731155 119.57744321585989 106 21.055148601531982 2 31.38521146774292 23.649117166996003 0 0 0 0 0
22 2.2000000000000002 2.3000000000000003 114.77 13019 296487 8518 292 1 34197 114.42128469073583 126 121.89536642649817 118.17957912445067 50805 116.7552225061365 185 123.0347587791649 119.58146256812839 111 22.921006202697754 2 32.687994480133057 24.076375448405742 0 0 0 0 0
23 2.3000000000000003 2.3999999999999999 113.64100000000001 13016 309503 8526 292 1 35704 117.24860945202056 126 122.22764520796518 118.20357806130068 53050 120.1610372594885 185 123.33274841308594 119.66539069304594 116 28.507807731628418 2 32.142461776733398 22.234436324834824 0 0 0 0 0
24 2.3999999999999999 2.5 108.794 13033 322536 8528 292 1 37205 119.22633095393105 126 121.91716372777545 118.14795692625499 55251 118.90148868045291 185 123.13909726529508 119.59644818651351 121 26.068798542022705 2 35.189194679260254 26.207353005409242 0 0 0 0 0
25 2.5 2.6000000000000001 105.39700000000001 13062 335598 8530 292 1 38705 120.95603912595719 126 122.2847158038427 118.19135907188291 57495 122.15816147262986 185 123.26910709690404 119.68516582385909 126 26.098068237304688 2 34.531124114990234 24.985516690015793 0 0 0 0 0
26 2.6000000000000001 2.7000000000000002 94.662000000000006 13032 348630 8533 292 1 40175 117.92770749046689 126 121.6486458551316 118.16572075011233 59675 118.69749702247414 185 123.47242006868929 119.55090337928561 130 19.102189600467682 2 31.699599742889404 23.463079617023467 0 0 0 0 0
27 2.7000000000000002 2.8000000000000003 93.945999999999998 13096 361726 8535 292 1 41676 119.87213649447003 126 121.81996887449235 118.16443751925516 61910 121.32128044334618 185 123.21277931831979 119.51196936530042 135 19.496550559997559 2 33.582222461700439 24.804784113168715 0 0 0 0 0
28 2.8000000000000003 2.8999999999999999 93.111999999999995 12952 374678 8538 292 1 43146 116.96170891655817 126 121.70475442068917 118.10735854981435 64090 118.03599144188134 185 122.96615200558225 119.46409011758342 139 17.438178420066833 2 27.541868925094604 21.018925843834879 0 0 0 0 0
29 2.8999999999999999 3 94.608999999999995 13092 387770 8540 292 1 44646 118.66635640462239 126 122.12586381700304 118.20376874227375 66328 120.91042550576699 185 123.02951792124155 119.55005591521393 144 18.686959743499756 2 34.930095672607422 24.38183419674635 0 0 0 0 0
30 3 3.1000000000000001 109.979 13010 400780 8544 292 1 46114 115.19922214084201 126 121.90300284491644 118.22420521690732 68504 117.02121099523596 185 122.7553667635531 119.54682619084537 150 27.70966911315918 2 36.500123977661133 25.533606818914414 0 0 0 0 0
31 3.1000000000000001 3.2000000000000002 122.229 13097 413877 8548 292 1 47613 117.00219732617575 126 121.69706102401491 118.0757285641867 70743 120.0011000349715 185 123.16542626458245 119.55190741420436 155 25.285434365272522 2 34.973405838012695 26.200032845735549 0 0 0 0 0
32 3.2000000000000002 3.3000000000000003 120.123 12959 426836 8549 292 1 49093 115.41870359390501 126 121.98001195514013 118.24415249173602 72925 116.67356526142842 185 122.86882930446315 119.59311171289391 160 23.656777381896973 2 34.039352416992188 25.806214854717254 0 0 0 0 0
33 3.3000000000000003 3.3999999999999999 106.20999999999999 13075 439911 8553 292 1 50619 121.31030025179425 126 122.12757679772756 118.19464932577955 75191 122.5201058877481 185 123.25333247829128 119.5923262766245 165 22.557654619216919 2 36.750121116638184 25.544078068733214 0 0 0 0 0
34 3.3999999999999999 3.5 116.396 13036 452947 8553 292 1 52091 118.77010260687933 126 121.72047394041032 118.08281680455276 77371 119.10676261283255 185 122.89427795410157 119.52747880183043 170 23.306423187255859 2 34.433847427368164 24.629349314570426 0 0 0 0 0
35 3.5 3.6000000000000001 95.659999999999997 13038 465985 8554 292 1 53594 120.86822322058299 126 121.85568425012013 118.24708589463003 79601 121.08948421993772 185 123.14496282629065 119.55903551173854 175 25.300844192504883 2 33.504979133605957 24.012726443409921 0 0 0 0 0
36 3.6000000000000001 3.7000000000000002 95.632999999999996 12911 478896 8556 292 1 55063 117.54003355238173 126 121.78358901493134 118.2347916787768 81785 118.03824046366924 185 123.0397654765361 119.56444978497483 180 24.624790191650391 2 34.128734588623047 25.334655849933625 0 0 0 0 0
37 3.7000000000000002 3.8000000000000003 92.894000000000005 13062 491958 8558 292 1 56558 118.43293913583906 126 122.0089739239405 118.20876913464255 84022 120.62269930452914 185 123.18355477822793 119.63954384922332 184 18.936774611473083 2 30.469016551971436 22.815663127899171 0 0 0 0 0
38 3.8000000000000003 3.8999999999999999 83.292000000000002 12997 504955 8559 292 1 58034 116.4569553193592 126 121.80406122359018 118.12098300509983 86206 117.67737319533889 185 123.19726504764041 119.51201840209959 189 19.404999852180481 2 33.225523471832275 24.768222786784172 0 0 0 0 0
39 3.8999999999999999 4 94.733999999999995 13111 518066 8560 292 1 59532 117.90691381787497 126 121.86993311321925 118.17111218588693 88440 120.03800457103833 185 123.13368468413482 119.58818069829164 194 26.16154956817627 2 30.700860023498535 21.655393371880056 0 0 0 0 0
40 4 4.0999999999999996 93.010999999999996 12914 530980 8562 292 1 61000 114.59489846607995 126 122.02034662640284 118.14742024012972 90626 117.05244767472551 185 123.12414682749156 119.64004234561398 199 24.871171951293945 2 37.103421211242676 25.638756561279298 0 0 0 0 0
41 4.0999999999999996 4.2000000000000002 91.203999999999994 13063 544043 8563 292 1 62501 116.49493093339224 126 122.32218563745893 118.1864133023459 92865 119.81965661951014 185 123.25817986565667 119.65718854708285 203 17.454661965370178 2 32.859645843505859 23.671300115585328 0 0 0 0 0
42 4.2000000000000002 4.2999999999999998 95.269999999999996 13072 557115 8564 292 1 64008 119.2961793324304 126 121.92129710363963 118.21648871467227 95066 118.50137927081134 185 123.24726715087891 119.62552191739468 209 28.927776575088501 2 34.696706771850586 24.32061375141144 0 0 0 0 0
43 4.2999999999999998 4.4000000000000004 96.183000000000007 13036 570151 8565 292 1 65507 120.88605450826978 126 122.06670979091099 118.18121581667954 97312 122.08988400021114 185 123.28211307010135 119.62901079250031 214 34.06607723236084 2 34.754257202148438 22.456453998684882 0 0 0 0 0
44 4.4000000000000004 4.5 99.183999999999997 12962 583113 8566 292 1 66975 117.61753269982717 126 122.12175883944073 118.12588776361372 99490 118.47477610820049 185 122.91338397876636 119.51924778623834 218 22.352933406829834 2 36.85374927520752 25.798200590610506 0 0 0 0 0
45 4.5 4.6000000000000005 97.962000000000003 13082 596195 8566 292 1 68479 120.04088810511998 126 122.1448250422402 118.1654547028314 101727 121.02675620414115 185 123.10236486486487 119.65562204144453 223 22.937033176422119 2 36.333945274353027 24.710863307714462 0 0 0 0 0
46 4.6000000000000005 4.7000000000000002 95.593999999999994 13000 609195 8569 292 1 69945 116.45948216271779 126 121.94611540294829 118.12204235682411 103903 117.17469164874103 185 123.06310857824377 119.52843699274841 227 16.327615320682526 2 32.383509159088135 23.271778386831283 0 0 0 0 0
47 4.7000000000000002 4.7999999999999998 93.694999999999993 13074 622269 8570 292 1 71442 117.88604294307648 126 121.83005002945188 118.10333269452292 106148 120.85603922251109 185 122.84069688126847 119.52899856897304 233 27.254313945770264 2 34.537447929382324 24.591099138259889 0 0 0 0 0
48 4.7999999999999998 4.9000000000000004 98.534000000000006 13010 635279 8571 292 1 72917 115.81050249130007 126 121.90098826090495 118.0909003848121 108328 117.46509135478252 185 123.17138816214897 119.51639235996558 237 25.205785185098648 2 26.765179395675659 21.014055151045323 0 0 0 0 0
49 4.9000000000000004 5 93.590999999999994 13066 648345 8572 292 1 74415 117.26841887216719 126 121.81333560035343 118.16717552730013 110567 120.33546336405986 185 123.23585073110219 119.60612039803162 242 24.945774078369141 2 34.60733699798584 25.128709404468538 0 0 0 0 0
50 5 5.1000000000000005 93.114999999999995 12993 661338 8573 292 1 75889 114.81497785780165 126 121.92534249926371 118.19860315110945 112748 116.98638561351879 185 122.52571864772487 119.5497189743454 247 25.468938589096069 2 33.218869209289551 24.741026360392571 0 0 0 0 0
51 5.1000000000000005 5.2000000000000002 94.706000000000003 13160 674498 8573 292 1 77417 121.09934034801665 126 121.76313333662729 118.15895574478868 115007 121.94036032186972 185 123.30369642103041 119.65578280021047 253 32.497663497924805 2 37.381211280822754 26.520663878917695 0 0 0 0 0
52 5.2000000000000002 5.2999999999999998 95.415000000000006 12954 687452 8573 292 1 78895 119.15859724983336 126 122.34013893490746 118.2622673428248 117188 118.32811229808911 185 123.04765068260399 119.67999185964223 257 22.246299743652344 2 33.031538009643555 25.074601446390151 0 0 0 0 0
53 5.2999999999999998 5.4000000000000004 118.232 13038 700490 8573 292 1 80390 120.00142039949932 126 122.37584129212395 118.23356087639215 119432 121.76772246489654 185 122.82289069923195 119.59460717402276 262 21.575406074523926 2 36.193166732788086 25.332109156847 0 0 0 0 0
54 5.4000000000000004 5.5 109.324 12990 713480 8573 292 1 81860 117.13008638412234 126 122.12690728808207 118.08800400385782 121610 118.17168645085515 185 123.16482341869457 119.50980608800938 267 20.650606751441956 2 36.38492488861084 25.457792347669603 0 0 0 0 0
55 5.5 5.6000000000000005 96.004000000000005 13090 726570 8574 292 1 83360 118.88198337857685 126 122.29734457106818 118.18037728990831 123842 120.48894475988439 185 122.86737353350665 119.50154299967998 272 20.548813581466675 2 34.367144584655762 25.050388315916063 0 0 0 0 0
56 5.6000000000000005 5.7000000000000002 94.841999999999999 12942 739512 8574 292 1 84833 116.33636444334 126 122.06482599652003 118.16486545623296 126025 117.42857587659681 185 123.37958749307168 119.51491312305345 277 22.405431270599365 2 35.575764656066895 24.080941849350928 0 0 0 0 0
57 5.7000000000000002 5.7999999999999998 95.603999999999999 13059 752571 8574 292 1 86327 117.13588139367482 126 121.92114929925827 118.17563124338788 128264 120.36373996219119 185 123.08335880588841 119.57404617763206 281 17.727703392505646 2 29.772496700286865 22.315553700923921 0 0 0 0 0
58 5.7999999999999998 5.9000000000000004 94.972999999999999 12923 765494 8576 292 1 87803 115.0829221331884 126 121.91183489844913 118.15908611176505 130446 117.10438904633394 185 122.92157922693201 119.55935804377374 286 18.370189189910889 2 33.619562149047852 24.681959871053696 0 0 0 0 0
59 5.9000000000000004 6 94.170000000000002 13158 778652 8577 292 1 89304 117.09353940449064 126 122.01153104267424 118.13167212471124 132685 119.7963757076779 185 123.14238784377639 119.69442352624837 291 24.888840675354004 2 29.207326889038086 21.773157206475734 0 0 0 0 0
60 6 6.1000000000000005 94.620999999999995 13007 791659 8577 292 1 90805 119.060609908331 126 121.64427929832821 118.15323088449148 134890 118.69337385022962 185 123.04556257918074 119.73517151167582 297 33.286580085754395 2 34.483535766601562 25.842979480028152 0 0 0 0 0
61 6.1000000000000005 6.2000000000000002 95.305999999999997 13043 804702 8577 292 1 92304 120.4003042190794 126 122.39214270455497 118.30506083715528 137126 121.24070191254486 185 122.59796171446105 119.6038700223355 301 24.494144797325134 2 32.627462387084961 24.352405014038087 0 0 0 0 0
62 6.2000000000000002 6.2999999999999998 93.116 13032 817734 8577 292 1 93782 118.47177971733942 126 121.76678303309849 118.25621888781352 139316 118.92438259640255 185 123.0563053852803 119.52497382746513 306 26.587946653366089 2 35.764951705932617 23.963530341982842 0 0 0 0 0
63 6.2999999999999998 6.4000000000000004 94.965999999999994 13007 830741 8577 292 1 95276 119.27339408511207 126 121.98023423694428 118.17459400237556 141548 121.00308759534681 185 123.01704893369933 119.61962791484112 311 31.584708213806152 2 35.611658096313477 22.526519722938538 0 0 0 0 0
64 6.4000000000000004 6.5 100.214 12956 843697 8577 292 1 96748 116.75687626429966 126 121.89977119082496 118.07109560224744 143735 118.23188682762353 185 122.69536054456556 119.58798569302944 316 29.497074604034424 2 34.844842910766602 26.033413932323455 0 0 0 0 0
65 6.5 6.6000000000000005 102.515 13056 856753 8577 292 1 98245 118.16955602736701 126 121.62144028194366 118.11020126282223 145971 120.60901823301573 185 122.70976607863967 119.68812097250449 320 23.639055490493774 2 30.072573661804199 22.899818133115769 0 0 0 0 0
66 6.6000000000000005 6.7000000000000002 98.069999999999993 13041 869794 8579 292 1 99720 115.99579614306253 126 121.68917107960534 118.13951796092691 148147 116.82997894287109 185 122.95435056944152 119.49228799603434 324 22.609444364905357 2 26.06649923324585 20.509675833582879 0 0 0 0 0
67 6.7000000000000002 6.7999999999999998 95.887 13071 882865 8579 292 1 101215 117.09486352829705 126 121.65829903738839 118.10671515752392 150387 120.10274621087152 185 122.71131035057275 119.46098144366292 329 25.283338785171509 2 35.109651565551758 23.676376220136881 0 0 0 0 0
68 6.7999999999999998 6.9000000000000004 92.587999999999994 12981 895846 8579 292 1 102691 115.25205612182617 126 121.82921733553448 118.05505722409205 152566 116.66927816030142 185 122.52094677074535 119.4833867352459 333 21.961915135383606 2 27.896593332290649 21.644165275990964 0 0 0 0 0
69 6.9000000000000004 7 92.754999999999995 13137 908983 8579 292 1 104216 120.92918438381619 126 121.97380847022647 118.22145046234135 154824 121.71293866956556 185 123.02085744496938 119.55733232034217 338 22.088338136672974 2 33.482203960418701 24.937420299351217 0 0 0 0 0
70 7 7.1000000000000005 91.619 12991 921974 8579 292 1 105688 118.13097448197622 126 122.21180240691655 118.21053840092257 157012 119.19512543549409 185 122.66776015822951 119.51660849370178 343 22.723670959472656 2 34.589242935180664 24.685501591563224 0 0 0 0 0
71 7.1000000000000005 7.2000000000000002 86.867999999999995 13109 935083 8579 292 1 107185 119.53062989976671 126 121.82723048376658 118.11664999765064 159245 121.47641840754329 185 122.66089126999314 119.57339968954551 348 20.856047391891479 2 36.212518692016602 25.924502972364426 0 0 0 0 0
72 7.2000000000000002 7.2999999999999998 95.944000000000003 12945 948028 8579 292 1 108664 117.84417797270275 126 121.91303459046379 118.21575393010703 161435 118.94086988294447 185 122.84907284298458 119.63349710619131 352 18.253218442201614 2 27.321095943450928 21.288446683883667 0 0 0 0 0
73 7.2999999999999998 7.4000000000000004 100.375 13001 961029 8579 292 1 110159 118.79515354217045 126 121.71687286619157 118.18002287607344 163666 120.9472384066195 185 122.5835493757918 119.60138498543411 357 18.868317604064941 2 35.159642219543457 24.695515640228987 0 0 0 0 0
74 7.4000000000000004 7.5 97.977999999999994 13029 974058 8579 292 1 111631 116.33707621740916 126 122.0620499262734 118.04216533115931 165847 117.72149419011296 185 122.89721399255701 119.48866877581627 362 19.711529493331909 2 34.460935592651367 24.582595728635788 0 0 0 0 0
75 7.5 7.6000000000000005 94.626000000000005 13056 987114 8580 292 1 113127 117.60659487285311 126 121.53418495541527 118.10170175461546 168076 119.71797188423776 185 122.66329906566723 119.49817152858427 367 21.595499038696289 2 34.2088623046875 24.067400477528572 0 0 0 0 0
76 7.6000000000000005 7.7000000000000002 91.811999999999998 12954 1000068 8581 292 1 114605 115.84568774510943 126 121.87150773547944 118.17324517204652 170260 116.80519169987859 185 123.36826914194468 119.4959076674178 373 31.466275215148926 2 35.87890625 25.113798338174821 0 0 0 0 0
77 7.7000000000000002 7.7999999999999998 93.299999999999997 13040 1013108 8582 292 1 116097 116.28758336627294 126 121.9741803729345 118.19393011486723 172498 119.57686400542389 185 123.27344380971547 119.60092397493932 377 25.349742114543915 2 30.843201160430908 23.027788128256798 0 0 0 0 0
78 7.7999999999999998 7.9000000000000004 97.260999999999996 13059 1026167 8582 292 1 117606 119.5950937422495 126 121.98134824964735 118.12461003742527 174701 118.54725630476668 185 122.86717083905194 119.59073275385676 382 27.438436269760132 2 34.393050193786621 23.966063402891159 0 0 0 0 0
79 7.9000000000000004 8 97.938000000000002 13101 1039268 8582 292 1 119102 120.80231693812779 126 122.01831690470378 118.13254159049382 176941 121.5142818141628 185 123.16506137332401 119.61232958407015 387 32.640247344970703 2 34.658604621887207 22.425014974474905 0 0 0 0 0
80 8 8.0999999999999996 99.561999999999998 12933 1052201 8583 292 1 120576 118.50574111938477 126 121.89577980647012 118.12094956776451 179129 118.76486309154613 185 122.91636653590847 119.63125660210686 392 30.45622730255127 2 35.03299617767334 26.081131970882417 0 0 0 0 0
81 8.0999999999999996 8.1999999999999993 92.167000000000002 13059 1065260 8583 292 1 122071 119.21974630204458 126 121.96278042263455 118.29732716878257 181366 121.25029536066829 185 122.84254591658309 119.68856394422374 396 22.659619212150574 2 31.149252891540527 23.859450566768647 0 0 0 0 0
82 8.1999999999999993 8.3000000000000007 91.843000000000004 13006 1078266 8584 292 1 123549 117.44144136943514 126 122.09008474198599 118.18185912662082 183553 118.47372873667125 185 122.81737489442567 119.59064225521604 401 24.535351037979126 2 33.796202659606934 24.071479416787625 0 0 0 0 0
83 8.3000000000000007 8.4000000000000004 111.10299999999999 13008 1091274 8584 292 1 125043 118.29132176959325 126 121.77957322862413 118.15070154159787 185787 120.63621970511771 185 123.15439024229308 119.68626367558664 406 29.617959022521973 2 32.732904434204102 22.484025400876998 0 0 0 0 0
84 8.4000000000000004 8.5 96.070999999999998 12981 1104255 8584 292 1 126517 116.06112331814236 126 121.83400211636982 118.08809122358049 187967 117.21456327696104 185 123.04078822780299 119.53159264476881 411 27.938936710357666 2 34.814056396484375 25.831143525838851 0 0 0 0 0
85 8.5 8.5999999999999996 94.600999999999999 13039 1117294 8584 292 1 128015 117.45484894041032 126 121.58722153920976 118.1989485495431 190203 119.69654153359903 185 123.01418316815351 119.6362193306588 415 21.558520197868347 2 31.016456127166748 23.158411296606065 0 0 0 0 0
86 8.5999999999999996 8.7000000000000011 95.710999999999999 13019 1130313 8584 292 1 129486 114.64697350396051 126 121.97631212264773 118.13595796615363 192383 116.30887385187923 185 123.13584400898702 119.51476979312385 419 20.799730181694031 2 26.194241404533386 20.375611177235843 0 0 0 0 0
87 8.7000000000000011 8.8000000000000007 95.971000000000004 13143 1143456 8584 292 1 131016 121.30531038556781 126 121.98612043592665 118.13255956619506 194639 121.31362333555479 185 123.21110501675993 119.46848721148518 424 22.11018431186676 2 34.143829345703125 24.351305207610132 0 0 0 0 0
88 8.8000000000000007 8.9000000000000004 94.769999999999996 13011 1156467 8584 292 1 132485 118.21614522782583 126 121.85754055447049 118.11646894969637 196829 119.06525577854465 185 122.87374712969806 119.49133656187314 429 24.684667110443115 2 34.33597469329834 23.725592572689056 0 0 0 0 0
89 8.9000000000000004 9 95.716999999999999 13053 1169520 8584 292 1 133985 119.89938287886362 126 121.55038179670062 118.21436636243544 199063 121.36335878114443 185 122.84041962494722 119.61913342986236 434 23.517142772674561 2 36.014913558959961 25.577948606014253 0 0 0 0 0
90 9 9.0999999999999996 92.713999999999999 12994 1182514 8585 292 1 135458 117.45397797841875 126 121.61183765956334 118.11525643545482 201252 118.7839658170133 185 122.75370504018423 119.60114415967783 439 26.891283988952637 2 32.845084190368652 23.329745680689811 0 0 0 0 0
91 9.0999999999999996 9.2000000000000011 94.600999999999999 13100 1195614 8585 292 1 136953 118.52766436622257 126 121.86538908216689 118.11927909972172 203486 120.99388984473975 185 122.89214543523015 119.66278269876017 444 26.439302444458008 2 33.278820991516113 25.223742195367812 0 0 0 0 0
92 9.2000000000000011 9.3000000000000007 93.852999999999994 12959 1208573 8585 292 1 138436 117.39050910586403 126 121.88556719583178 118.26130227527921 205667 117.50531113083298 185 122.71652902139199 119.6187748569798 449 26.226299643516541 2 34.800258636474609 25.10544177055359 0 0 0 0 0
93 9.3000000000000007 9.4000000000000004 93.614000000000004 13019 1221592 8585 292 1 139927 117.57375002664233 126 122.10095226953901 118.24260280669681 207909 120.65500673861116 185 123.06393729544975 119.63001195299303 454 24.389911651611328 2 34.766491889953613 25.909050891399385 0 0 0 0 0
94 9.4000000000000004 9.5 94.641000000000005 13008 1234600 8585 292 1 141401 115.48706514873201 126 122.19987415132069 118.01704919421491 210082 116.6884390341269 185 123.07895598540435 119.42295490780394 459 25.148819923400879 2 35.931216239929199 24.62432453274727 0 0 0 0 0
95 9.5 9.5999999999999996 93.004000000000005 13075 1247675 8586 292 1 142901 117.16507593790691 126 122.24889749193949 118.21695148770773 212318 119.44789663778769 185 122.6954455813846 119.49886077798385 464 26.964188575744629 2 35.136857986450195 24.101359902024271 0 0 0 0 0
96 9.5999999999999996 9.7000000000000011 93.680999999999997 12998 1260673 8586 292 1 144404 119.31849228389679 126 122.39618452768477 118.21971455468073 214522 118.54794311523438 185 122.98101056073163 119.58060469838732 469 26.711635589599609 2 36.725293159484863 25.125015124082566 0 0 0 0 0
97 9.7000000000000011 9.8000000000000007 93.616 13067 1273740 8586 292 1 145901 120.42277605571444 126 122.04136936248295 118.26286120702352 216765 121.79557734309016 185 123.49720079576647 119.63558447513067 473 21.111329734325409 2 29.689127922058105 22.772248946428299 0 0 0 0 0
98 9.8000000000000007 9.9000000000000004 87.474999999999994 12929 1286669 8587 292 1 147374 117.75222106206985 126 122.80391178433857 118.22670973036031 218951 118.96138433507971 185 122.67497018350137 119.56511339053596 478 22.117653846740723 2 33.223533630371094 24.501854645609857 0 0 0 0 0
99 9.9000000000000004 10 85.075000000000003 13122 1299791 8587 292 1 148873 119.44715869237506 126 121.96611501300146 118.12920851934523 221184 121.11306230699694 185 123.13247738400021 119.63756028788795 483 27.462318420410156 2 32.227325439453125 22.354307822585106 0 0 0 0 0
100 10 10.1 83.704999999999998 12984 1312775 8588 292 1 150343 116.43322402711898 126 122.53344460139199 118.15859295254657 223366 117.79307152000634 185 123.10282526789484 119.58937447955154 488 25.783891201019287 2 36.956807136535645 25.830850533246995 0 0 0 0 0
101 10.1 10.200000000000001 83.381 13029 1325804 8588 292 1 151848 118.66247122628349 126 121.88951922219897 118.34090606931657 225607 120.77557731834618 185 122.64586824984164 119.65872115841425 492 17.892708539962769 2 32.768922805786133 23.90627028942108 0 0 0 0 0
102 10.200000000000001 10.300000000000001 83.216999999999999 13043 1338847 8588 292 1 153320 115.9206193590921 126 122.29064275347997 118.18263740902856 227790 117.57294765163113 185 122.46742331015098 119.58533374806997 497 19.729532480239868 2 34.18378734588623 24.090744549036025 0 0 0 0 0
103 10.300000000000001 10.4 83.441000000000003 13006 1351853 8588 292 1 154818 117.26596977597191 126 122.16777565365746 118.22289615086143 230024 119.93154754638672 185 122.71298168285473 119.58918629496804 502 25.186105728149414 2 28.856586694717407 22.298901093006133 0 0 0 0 0
104 10.4 10.5 88.861000000000004 12970 1364823 8588 292 1 156291 114.72796061682322 126 122.11614172799247 118.16109697977701 232206 116.638549103608 185 122.6341600160341 119.57601461379595 507 23.024772167205811 2 37.209735870361328 26.069897019863127 0 0 0 0 0
105 10.5 10.6 85.039000000000001 13111 1377934 8588 292 1 157823 121.45588587200831 126 122.53988756452289 118.25684276823013 234462 121.25106914623363 185 122.79368545944627 119.6626468914135 512 23.226627349853516 2 36.064145088195801 24.900077511072158 0 0 0 0 0
106 10.6 10.700000000000001 83.138000000000005 13033 1390967 8588 292 1 159292 118.2499158950079 126 121.49039174639989 118.17428911723786 236654 119.05530424375792 185 122.86386759989971 119.57340573903676 516 16.36680406332016 2 32.667370319366455 23.39572842001915 0 0 0 0 0
107 10.700000000000001 10.800000000000001 84.947000000000003 13086 1404053 8588 292 1 160792 119.92220560709636 126 122.38225385877821 118.21978602878629 238891 121.70871272731472 185 123.18462334710199 119.60541357916756 522 27.382626295089722 2 34.417214393615723 24.54698605656624 0 0 0 0 0
108 10.800000000000001 10.9 84.539000000000001 12980 1417033 8588 292 1 162263 117.23017974126907 126 121.79060896616133 118.07860817863829 241075 118.80496459136138 185 123.10197968354096 119.49143700635756 527 29.756478786468506 2 34.051007270812988 23.824900059700013 0 0 0 0 0
109 10.9 11 84.162000000000006 13085 1430118 8588 292 1 163763 119.00140986366877 126 122.09195267208038 118.17080924987793 243306 120.97706224596178 185 123.19674410433383 119.51934679722144 532 27.740929126739502 2 34.223828315734863 25.99773590683937 0 0 0 0 0
110 11 11.1 84.677000000000007 12998 1443116 8588 292 1 165232 115.75952324034675 126 122.21654546828498 118.19206816234286 245486 117.59374616468276 185 123.1026276459565 119.51261416131096 537 31.426816940307617 2 34.732003211975098 23.175425856113435 0 0 0 0 0
111 11.1 11.200000000000001 84.518000000000001 13110 1456226 8588 292 1 166736 118.24235056317042 126 121.84484166947622 118.1360156801012 247719 119.8185506459829 185 123.1151840209961 119.60136294679383 542 31.049602508544922 2 35.715545654296875 25.186728001832961 0 0 0 0 0
112 11.200000000000001 11.300000000000001 82.647000000000006 12929 1469155 8588 292 1 168210 115.73802100287543 126 121.55137828039744 118.22379242064459 249905 116.9500379407728 185 123.32608902389939 119.58210303270495 546 22.050329446792603 2 32.000845909118652 24.454795845746993 0 0 0 0 0
113 11.300000000000001 11.4 85.549000000000007 13038 1482193 8588 292 1 169705 116.62986531333318 126 121.86762346540179 118.20929297310963 252144 119.89782368427998 185 123.3100217664564 119.56779899514692 551 21.824632525444031 2 35.861089706420898 25.11172087430954 0 0 0 0 0
114 11.4 11.5 84.352999999999994 13073 1495266 8588 292 1 171210 119.4425039140005 126 121.67434970916264 118.0521183958508 254340 118.32407144082559 185 122.53916254816829 119.48171420205607 556 23.172107696533203 2 34.005412101745605 24.332976043820381 0 0 0 0 0
115 11.5 11.6 84.183999999999997 13064 1508330 8588 292 1 172711 121.17597561790829 126 122.16618819463821 118.26886501675563 256577 121.19476767875052 185 123.06013154725771 119.49785208336083 561 25.333507061004639 2 33.946646690368652 23.930068121552466 0 0 0 0 0
116 11.6 11.700000000000001 93.890000000000001 12932 1521262 8588 292 1 174180 117.82423594641307 126 122.05911400204613 118.24644727858288 258769 118.99456036541913 185 122.89143565409893 119.57560436186921 566 24.8568434715271 2 34.98710823059082 25.235953524112702 0 0 0 0 0
117 11.700000000000001 11.800000000000001 98.057000000000002 13065 1534327 8588 292 1 175676 118.83334144713386 126 121.84049467056516 118.23061221531464 261004 121.41144310203758 185 122.92653800345757 119.61438724002326 570 19.571938097476959 2 30.251718997955322 22.616115744113923 0 0 0 0 0
118 11.800000000000001 11.9 102.053 12974 1547301 8588 292 1 177153 116.82196287124876 126 122.12945060124473 118.21786714644664 263187 118.2766208133182 185 122.83103790283204 119.55176725892765 575 20.164426565170288 2 34.628718376159668 24.706706970036031 0 0 0 0 0
119 11.9 12 94.677999999999997 13153 1560454 8588 292 1 178651 118.26592466566298 126 122.13132555522616 118.17408057803198 265421 120.52482353416649 185 122.50511643693254 119.64383432914114 580 26.127790451049805 2 31.280644416809082 22.048040226995944 0 0 0 0 0
120 12 12.1 93.096999999999994 12892 1573346 8588 292 1 180125 115.91426455785357 126 122.41925188094851 118.14821803259474 267605 117.3372470752613 185 123.17271402719858 119.63193438308306 585 24.866607189178467 2 37.09660816192627 25.62430813074112 0 0 0 0 0
121 12.1 12.200000000000001 93.849000000000004 13066 1586412 8588 292 1 181623 117.19092045133075 126 122.13034396701389 118.25690015217614 269841 119.67334743190456 185 123.37006353429845 119.70843239737843 590 27.104466557502747 2 32.855433464050293 23.892221393585206 0 0 0 0 0
122 12.200000000000001 12.300000000000001 92.665000000000006 13023 1599435 8588 292 1 183095 114.39780946761843 126 122.32121876307896 118.2080138645475 272028 116.91547872182485 185 123.25893748515361 119.58138575497192 595 28.720935583114624 2 34.835381507873535 24.199817058742045 0 0 0 0 0
123 12.300000000000001 12.4 93.727000000000004 13059 1612494 8588 292 1 184631 121.79383504958381 126 122.65773403833784 118.24358232710094 274281 121.24945381783151 185 122.9202130291913 119.63836957611902 600 34.038082122802734 2 34.725696563720703 22.367921225428582 0 0 0 0 0
124 12.4 12.5 94.864999999999995 12966 1625460 8588 292 1 186099 118.43967528570266 126 122.76076047382658 118.16828126513765 276474 119.09096824027397 185 122.80800533810178 119.60900552285689 605 31.631738662719727 2 36.882028579711914 26.191180427074432 0 0 0 0 0
125 12.5 12.6 115.756 13096 1638556 8588 292 1 187602 120.4613773406498 126 122.45870947459387 118.2849147197179 278713 121.73864725473764 185 123.09998680320946 119.71635796418055 610 31.541380882263184 2 35.600380897521973 25.044733514785765 0 0 0 0 0
126 12.6 12.700000000000001 103.756 12987 1651543 8588 292 1 189072 117.32894207182385 126 122.04082555619497 118.21725371042885 280892 118.09200377593169 185 123.49403117411845 119.58891248507112 614 25.364825844764709 2 30.916820049285889 23.057502529621125 0 0 0 0 0
127 12.700000000000001 12.800000000000001 102.431 13085 1664628 8589 292 1 190574 119.42291889493427 126 122.02637172880627 118.16977391197574 283130 121.03544897131017 185 123.34801182102512 119.51589447351402 619 25.588776588439941 2 34.871550559997559 24.88914378106594 0 0 0 0 0
128 12.800000000000001 12.9 105.658 13005 1677633 8590 292 1 192042 116.17209861392067 126 121.90587682572622 118.11712546272882 285307 117.53689727783203 185 122.92341836465371 119.40749695566545 623 23.440448403358459 2 27.053331732749939 21.063458317518233 0 0 0 0 0
129 12.9 13 111.366 13080 1690713 8590 292 1 193542 117.85304726494684 126 121.84700672210209 118.2154972518436 287543 120.17185681317304 185 122.71450826284048 119.56049132640938 628 24.374550104141235 2 33.076503753662109 24.537602873742582 0 0 0 0 0
130 13 13.1 163.47999999999999 12955 1703668 8590 292 1 195014 115.06356956845238 126 121.76056410774352 118.2062143331861 289726 117.03942429826067 185 122.93544328019426 119.55058491227432 633 24.009187698364258 2 33.884367942810059 25.180863360166551 0 0 0 0 0
131 13.1 13.200000000000001 134.43199999999999 13105 1716773 8590 292 1 196514 116.96337648421999 126 121.93625332060314 118.10716045258539 291957 119.16665179278399 185 123.53807529758762 119.54155759821717 638 22.039768099784851 2 35.632572174072266 25.974897379875184 0 0 0 0 0
132 13.200000000000001 13.300000000000001 130.84899999999999 13005 1729778 8590 292 1 198022 119.73960440499442 126 121.95988101050968 118.30823879786904 294163 118.46062700426256 185 122.87917336128854 119.59271694822576 643 23.351102352142334 2 35.968623161315918 24.35086699962616 0 0 0 0 0
133 13.300000000000001 13.4 102.32299999999999 13029 1742807 8590 292 1 199516 120.52394606575133 126 122.1701908414326 118.18314477769155 296408 122.15103541193781 185 122.97627757304423 119.52451262520454 648 21.733441829681396 2 35.359400749206543 25.800769503116609 0 0 0 0 0
134 13.4 13.5 95.628 13011 1755818 8590 292 1 200984 117.46549884856694 126 121.99050055609808 118.02189766111826 298591 119.09599848566829 185 122.63228442217853 119.51227313768543 653 22.541195869445801 2 34.306832313537598 24.600146909952162 0 0 0 0 0
135 13.5 13.6 106.818 13083 1768901 8590 292 1 202491 120.33642820328001 126 121.87702009412978 118.18199468582394 300820 120.97157345333615 185 122.91917864825274 119.55801972672747 658 22.566604137420654 2 34.345498085021973 24.987426075935364 0 0 0 0 0
136 13.6 13.700000000000001 98.706000000000003 12956 1781857 8590 292 1 203958 116.82077886187841 126 121.75320277138361 118.16885710882759 303007 118.30968768145587 185 122.94413728456239 119.53387212351215 663 21.808853626251221 2 34.546832084655762 25.375101989507677 0 0 0 0 0
137 13.700000000000001 13.800000000000001 94.936000000000007 13044 1794901 8590 292 1 205462 119.19299655490451 126 121.89650211636982 118.1907700075422 305239 120.4331943408863 185 123.14657856709249 119.59745170510783 668 26.270475685596466 2 31.277668476104736 22.791419376730918 0 0 0 0 0
138 13.800000000000001 13.9 94.781000000000006 12940 1807841 8590 292 1 206927 115.4570545014881 126 121.49337314424061 118.11917436387803 307420 117.13741710765942 185 123.19179415316195 119.52333570119498 673 27.206606864929199 2 35.735172271728516 24.536597658097744 0 0 0 0 0
139 13.9 14 94.694999999999993 13127 1820968 8590 292 1 208430 117.76769734942724 126 121.35892317030165 118.14188276200062 309659 119.98416117075327 185 123.6520587405643 119.61781639511517 678 33.214963912963867 2 33.885951042175293 22.02576355546713 0 0 0 0 0
140 14 14.1 94.061999999999998 12955 1833923 8590 292 1 209899 114.61739857991536 126 121.40226236979167 118.14673155103409 311842 116.74340824436497 185 122.79836805188978 119.60420617057183 683 31.548533916473389 2 34.176117897033691 25.824911522865296 0 0 0 0 0
141 14.1 14.200000000000001 90.614000000000004 13090 1847013 8590 292 1 211430 121.09931201026554 126 121.48024011036706 118.29925673166909 314102 121.83933889028188 185 123.30023618131071 119.63956787975418 687 23.60437285900116 2 30.923830986022949 23.932493411302566 0 0 0 0 0
142 14.200000000000001 14.300000000000001 83.262 13031 1860044 8590 292 1 212903 118.40021339295403 126 121.40917405628022 118.24083944653712 316288 118.82568322259027 185 123.39357456516575 119.65394994044956 692 25.853548288345337 2 34.589496612548828 23.886621757745743 0 0 0 0 0
143 14.300000000000001 14.4 83.400000000000006 13035 1873079 8590 292 1 214409 121.03786407955108 126 121.97668226938399 118.2181071266295 318531 121.93594867603198 185 123.02731269630226 119.70358459307693 697 31.402947425842285 2 35.406718254089355 22.252957677245139 0 0 0 0 0
144 14.4 14.5 84.156999999999996 12958 1886037 8590 292 1 215876 117.58586344643244 126 122.19772968594989 118.13734847114196 320711 118.3771844399942 185 123.17609446757548 119.59946475219725 702 28.880358695983887 2 34.38664436340332 26.248720428943635 0 0 0 0 0
145 14.5 14.6 84.239999999999995 13056 1899093 8590 292 1 217377 119.41421387687562 126 121.60442969912575 118.22189612191815 322948 120.90521083522488 185 123.05798071783943 119.6674802761593 707 29.08101749420166 2 33.451128959655762 24.900670580863952 0 0 0 0 0
146 14.6 14.700000000000001 83.650999999999996 13021 1912114 8590 292 1 218850 116.84393153114924 126 122.13270387195405 118.17707328433086 325128 117.56779657312342 185 122.9588652327254 119.48989365077666 711 22.547572672367096 2 31.017812728881836 23.234165332317353 0 0 0 0 0
147 14.700000000000001 14.800000000000001 83.524000000000001 13080 1925194 8590 292 1 220349 118.53194003634982 126 121.61296650720021 118.13263764214894 327364 120.33643605000265 185 122.59311073921822 119.49431763808791 716 22.919282674789429 2 35.336184501647949 24.815999996662139 0 0 0 0 0
148 14.800000000000001 14.9 84.355999999999995 12976 1938170 8590 292 1 221813 114.70314007713681 126 121.71268638731941 118.08577337719146 329544 117.05484631512616 185 122.86021452207824 119.46225808097222 720 20.404951244592667 2 27.222680807113647 21.244642902910709 0 0 0 0 0
149 14.9 15 84.546000000000006 13072 1951242 8590 292 1 223316 116.80892768738762 126 121.64975181458489 118.2432908672757 331779 119.60019506506018 185 122.8565790949641 119.550796262174 725 20.870896458625793 2 34.558984756469727 24.769350205659865 0 0 0 0 0
150 15 15.1 84.153999999999996 13065 1964307 8590 292 1 224816 118.36736394488622 126 121.21808805919829 118.27614580669102 333984 118.85009732633024 185 122.69649905642947 119.56047826736039 730 21.217990159988403 2 34.45571231842041 24.828185460567475 0 0 0 0 0
151 15.1 15.200000000000001 85.284999999999997 13119 1977426 8590 292 1 226316 120.10549684554812 126 121.26501931084528 118.1871897851853 336223 121.7706350378088 185 123.01131917592642 119.58128733537009 736 27.750652313232422 2 37.12090015411377 26.766218013763428 0 0 0 0 0
152 15.200000000000001 15.300000000000001 83.576999999999998 12923 1990349 8590 292 1 227799 118.86698047698491 126 121.54623291984437 118.31147715311201 338402 118.11656832308383 185 122.89309964566617 119.59258695076608 741 27.053458690643311 2 35.517741203308105 25.345124965906145 0 0 0 0 0
153 15.300000000000001 15.4 84.665000000000006 13020 2003369 8590 292 1 229291 119.27188752189515 126 121.70863463386657 118.21224117157952 340644 121.32150606722445 185 122.84192744074642 119.60266625481682 746 25.533345103263855 2 34.612984657287598 25.752482173442839 0 0 0 0 0
154 15.4 15.5 85.331000000000003 13038 2016407 8590 292 1 230766 117.2224366929796 126 121.72872258746435 118.07798439025875 342828 118.41418976654877 185 123.0395966813371 119.49320363101445 751 26.131237268447876 2 35.799253463745117 24.704034851193427 0 0 0 0 0
155 15.5 15.6 84.460999999999999 13030 2029437 8590 292 1 232263 118.4795301528204 126 121.71993037632534 118.18721862126911 345055 120.23270473995724 185 122.69295505832982 119.47815964858596 756 28.266897201538086 2 35.505434036254883 23.942809964418412 0 0 0 0 0
156 15.6 15.700000000000001 83.266000000000005 12948 2042385 8590 292 1 233738 116.08008993239631 126 121.98021800934322 118.25123469700891 347237 117.12652913686391 185 123.07556478139516 119.48353448816246 761 27.892007827758789 2 34.352184295654297 25.185576347112654 0 0 0 0 0
157 15.700000000000001 15.800000000000001 85.153000000000006 13056 2055441 8590 292 1 235231 116.66710426693871 126 121.55725127931625 118.20146059974788 349476 119.90870113888302 185 123.00399615313556 119.64978032993621 765 21.587984800338745 2 30.563564300537109 23.120595159530641 0 0 0 0 0
158 15.800000000000001 15.9 84.525000000000006 13000 2068441 8590 292 1 236706 114.52143012152777 126 121.7445552765377 118.12561567397344 351658 116.67963863063503 185 122.84393046611063 119.54436627073547 770 22.245499134063721 2 33.635611534118652 24.674517387747766 0 0 0 0 0
159 15.9 16 90.081999999999994 13158 2081599 8590 292 1 238234 120.84510912214007 126 121.65268053327289 118.13949225592231 353914 121.29992152033626 185 122.81936080520218 119.65880356494799 775 28.223240852355957 2 33.120277404785156 22.040920908451081 0 0 0 0 0
160 16 16.100000000000001 83.349000000000004 12913 2094512 8590 292 1 239707 118.35354347834512 126 121.77916887071397 118.13810723501535 356105 118.85442673966692 185 122.56257357210727 119.64297166030472 780 26.821187973022461 2 36.936195373535156 25.694046208858492 0 0 0 0 0
161 16.100000000000001 16.199999999999999 88.356999999999999 13065 2107577 8590 292 1 241206 119.79097081744482 126 122.25538029746404 118.25668035476924 358339 121.23036000019795 185 122.63107901908256 119.58060615786994 784 18.891970038414001 2 32.756167888641357 23.925095815658569 0 0 0 0 0
162 16.199999999999999 16.300000000000001 83.194000000000003 13016 2120593 8590 292 1 242682 117.57550315251426 126 122.14810216994513 118.23952896118166 360527 118.68770269445471 185 122.82654109645534 119.52890681540001 789 20.731242895126343 2 33.657502174377441 24.089529487490655 0 0 0 0 0
163 16.300000000000001 16.399999999999999 87.206999999999994 13026 2133619 8590 292 1 244180 118.82607802133711 126 122.33158208453466 118.2698110538059 362766 121.42106661409944 185 123.04229200208509 119.67394111385863 794 27.079437255859375 2 28.659061908721924 21.857538822591305 0 0 0 0 0
164 16.399999999999999 16.5 91.338999999999999 12977 2146596 8590 292 1 245652 116.26033534700909 126 122.22494603717138 118.09546328711126 364946 118.04884730158625 185 122.91263646306219 119.50712116963156 799 24.59684944152832 2 36.694187164306641 26.228918752670289 0 0 0 0 0
165 16.5 16.600000000000001 86.141999999999996 13063 2159659 8590 292 1 247156 118.73464178660559 126 121.51903164575971 118.14023347218824 367178 120.10934246166332 185 123.02824975091058 119.62864374274177 803 17.653586030006409 2 32.156810283660889 23.437033438682555 0 0 0 0 0
166 16.600000000000001 16.699999999999999 84.381 13008 2172667 8590 292 1 248625 115.52830735463945 126 121.43169057936896 118.17447016398118 369355 116.38205896326014 185 122.69144105653506 119.52072279151707 807 16.152234435081482 2 26.526180386543274 20.743195268362761 0 0 0 0 0
167 16.699999999999999 16.800000000000001 96.872 13061 2185728 8590 292 1 250121 116.71871621268136 126 121.7083489554269 118.14086392599442 371597 119.84923009099187 185 122.6665068342879 119.47285658346645 813 28.632901191711426 2 33.58779764175415 23.82185649819672 0 0 0 0 0
168 16.800000000000001 16.899999999999999 94.331000000000003 13076 2198804 8590 292 1 251620 118.47006316412063 126 121.28986740112305 118.10128596896219 373800 118.99568576297244 185 122.46102101094014 119.50357763548158 817 25.00916376709938 2 28.065932273864746 21.793811963200568 0 0 0 0 0
169 16.899999999999999 17 94.882000000000005 13060 2211864 8590 292 1 253124 120.7227405971951 126 121.75301336863684 118.24994401840934 376037 121.67669318946632 185 122.54126698261983 119.59175069489352 822 24.751952409744263 2 33.453403472900391 25.127328011393548 0 0 0 0 0
170 17 17.100000000000001 111.184 13013 2224877 8590 292 1 254596 117.86874656071738 126 121.80997866675968 118.23815122876847 378225 119.09126191010347 185 122.80549518482105 119.55008077714248 827 25.74397087097168 2 33.104431629180908 24.508932773470878 0 0 0 0 0
171 17.100000000000001 17.199999999999999 101.902 13081 2237958 8590 292 1 256097 119.67156649392749 126 121.55297506423224 118.23453730689157 380458 121.31973299593538 185 122.67858948578706 119.5995486590411 833 32.564203262329102 2 37.45775032043457 26.623863863945008 0 0 0 0 0
172 17.199999999999999 17.300000000000001 101.18000000000001 12973 2250931 8590 292 1 257572 117.14515540713356 126 121.87812762790256 118.31408837999615 382642 118.11567989040066 185 122.89998362773173 119.64009284725708 837 22.255304932594299 2 33.078896522521973 25.103080698251723 0 0 0 0 0
173 17.300000000000001 17.400000000000002 92.266999999999996 13019 2263950 8590 292 1 259066 117.78874224708194 126 121.74967732505193 118.25282055264424 384883 121.0972598926441 185 122.46999070451066 119.65917900002971 842 21.544860124588013 2 36.019137382507324 25.351686093807221 0 0 0 0 0
174 17.400000000000002 17.5 94.688999999999993 13001 2276951 8590 292 1 260539 115.4823860895066 126 121.99819395277235 118.04642566499253 387053 116.69000009072793 185 122.73223876953125 119.47894307275725 847 22.113623380661011 2 33.41650390625 24.718451798558235 0 0 0 0 0
175 17.5 17.600000000000001 92.736000000000004 13085 2290036 8590 292 1 262038 117.04863969106523 126 121.58550692361499 118.19290922195194 389293 119.75292445002376 185 122.5841417467272 119.56485846854542 852 23.928065776824951 2 32.951998710632324 24.101824647188188 0 0 0 0 0
176 17.600000000000001 17.699999999999999 92.698999999999998 12943 2302979 8590 292 1 263515 115.03508377075195 126 121.71769998943995 118.21894399915422 391474 116.44185143548088 185 122.57918894999736 119.5309068496292 857 24.299500942230225 2 34.139523506164551 24.816130204200746 0 0 0 0 0
177 17.699999999999999 17.800000000000001 92.876999999999995 13105 2316084 8590 292 1 265044 121.24079792083256 126 122.07422698490204 118.27725035833936 393735 121.68846097379118 185 122.85847695840371 119.61903242203992 861 17.984037935733795 2 31.452385425567627 23.126260159015654 0 0 0 0 0
178 17.800000000000001 17.900000000000002 91.620000000000005 12953 2329037 8590 292 1 266521 119.24368722098214 126 122.4218255905878 118.21080333588614 395918 118.66168740762247 185 122.46996806376688 119.49828300269874 866 18.328780651092529 2 35.50245189666748 24.829348761439324 0 0 0 0 0
179 17.900000000000002 18 92.513000000000005 13157 2342194 8590 292 1 268015 120.13919188484313 126 122.44776746961806 118.12811539241247 398159 121.6922064703864 185 122.61283948743666 119.63495332666342 871 24.579082489013672 2 28.843816757202148 21.905997859835626 0 0 0 0 0
180 18 18.100000000000001 92.622 12965 2355159 8590 292 1 269487 117.40303620837983 126 122.10788466438414 118.17981796870156 400347 118.84382959314294 185 122.28045542948955 119.6802429335311 877 32.78630542755127 2 34.12433910369873 25.937289494276047 0 0 0 0 0
181 18.100000000000001 18.199999999999999 92.786000000000001 13044 2368203 8590 292 1 270988 118.97753615606399 126 121.81922167823429 118.34755767822261 402579 120.75268744391364 185 122.6752433158256 119.70370849073255 881 24.204500079154968 2 32.137093067169189 24.248137553930281 0 0 0 0 0
182 18.199999999999999 18.300000000000001 93.760000000000005 13013 2381216 8590 292 1 272462 116.43953178042457 126 122.48620435926649 118.24046190958181 404763 117.6416558343011 185 122.9558808610246 119.59404558666336 886 26.153166770935059 2 35.332235336303711 24.035372535586358 0 0 0 0 0
183 18.300000000000001 18.400000000000002 91.781999999999996 13003 2394219 8591 292 1 273958 117.61201834300208 126 121.22311601184663 118.14973616342697 407000 120.13987575221707 185 122.84857651994035 119.68223411188897 891 31.834336280822754 2 35.182381629943848 22.187725094556807 0 0 0 0 0
184 18.400000000000002 18.5 91.784000000000006 12988 2407207 8591 292 1 275431 115.28214324466767 126 121.76895305088588 118.05806874956406 409186 117.2865718532253 185 122.43035797943941 119.57457457547576 896 30.021101951599121 2 33.848691940307617 25.897583992481231 0 0 0 0 0
185 18.5 18.600000000000001 94.117000000000004 13072 2420279 8591 292 1 276932 117.21263116503519 126 122.07128415788922 118.17133739531988 411420 119.46622095881281 185 122.66628681904561 119.67776916833823 901 29.782713413238525 2 33.579912185668945 25.118007016181945 0 0 0 0 0
186 18.600000000000001 18.699999999999999 101.863 13065 2433344 8591 292 1 278431 118.74088608272491 126 122.17075232853965 118.21172185140945 413625 118.74043727565456 185 122.45901361413904 119.54844383033543 905 22.779300272464752 2 30.679358005523682 23.466808190941812 0 0 0 0 0
187 18.699999999999999 18.800000000000001 99.512 13079 2446423 8591 292 1 279932 120.67420868646531 126 121.95502986605206 118.16993476322719 415863 121.64233150997677 185 122.8780178585568 119.53646337725668 910 24.584026336669922 2 35.185182571411133 24.10662934720516 0 0 0 0 0
188 18.800000000000001 18.900000000000002 104.235 12989 2459412 8591 292 1 281406 118.37180346534366 126 122.01612866114057 118.12383638593883 418049 118.92593693088841 185 122.48687925596495 119.5068025562183 914 21.500147134065628 2 27.752328872680664 21.526570591926575 0 0 0 0 0
189 18.900000000000002 19 94.688000000000002 13078 2472490 8591 292 1 282902 119.43663133893695 126 121.78134682064965 118.20303031860836 420283 121.28209991455078 185 122.45215441729572 119.59039248286066 919 21.368830800056458 2 33.311119079589844 25.064999376535415 0 0 0 0 0
190 19 19.100000000000001 93.730000000000004 13004 2485494 8591 292 1 284374 116.66783959524972 126 121.71846625918434 118.19597448621472 422468 118.32541697734111 185 122.76930715200064 119.57169367362363 925 31.659324645996094 2 34.328366279602051 24.906028603911398 0 0 0 0 0
191 19.100000000000001 19.199999999999999 96.677999999999997 13109 2498603 8591 292 1 285873 118.26687331426712 126 121.65018220931765 118.17668337140763 424700 120.43928997967694 185 122.8895679370777 119.60222182279023 930 28.55272102355957 2 35.821124076843262 26.53782342195511 0 0 0 0 0
192 19.199999999999999 19.300000000000001 93.590000000000003 12928 2511531 8591 292 1 287349 115.97805913289388 126 121.69770274086603 118.27583831363251 426881 117.03360929746886 185 122.67755172317092 119.57774003724795 934 18.720942974090576 2 34.231684684753418 24.866897920370103 0 0 0 0 0
193 19.300000000000001 19.400000000000002 93.936000000000007 13027 2524558 8591 292 1 288851 117.87643717205714 126 121.7197516305106 118.26659810505217 429120 120.12464904785156 185 122.54364595155458 119.4968871113545 939 18.350297093391418 2 35.177687644958496 25.18347949743271 0 0 0 0 0
194 19.400000000000002 19.5 93.582999999999998 13013 2537571 8592 292 1 290314 113.99153555007209 126 121.5304431007022 118.0341821398054 431298 116.68381289920292 185 122.39886738545187 119.43298026337492 945 29.173591136932373 2 34.334831237792969 24.642287999391556 0 0 0 0 0
195 19.5 19.600000000000001 96.695999999999998 13118 2550689 8592 292 1 291849 121.31571094573491 126 121.85722399514819 118.19978340148931 433552 121.31329440555056 185 122.86253476529508 119.54614192900789 949 21.264717578887939 2 34.365361213684082 23.915019806623459 0 0 0 0 0
196 19.600000000000001 19.699999999999999 94.942999999999998 12930 2563619 8593 292 1 293320 118.44360393948025 126 121.67704984876845 118.1677521533058 435738 118.457445587983 185 122.67966819969384 119.57583255953405 955 30.866374015808105 2 34.889835357666016 25.247019144296647 0 0 0 0 0
197 19.699999999999999 19.800000000000001 90.375 13073 2576692 8593 292 1 294818 119.89961817907908 126 121.55062624007937 118.16811610146178 437976 121.18747632825696 185 122.84558959136137 119.62153709617823 959 25.460715472698212 2 30.255179882049561 22.675887864828109 0 0 0 0 0
198 19.800000000000001 19.900000000000002 83.614999999999995 12985 2589677 8593 292 1 296288 116.9319358704582 126 121.90425576104059 118.1356999212598 440162 118.31563333047403 185 122.79420763995196 119.58375101615287 964 26.717065095901489 2 34.550028800964355 24.378085168898107 0 0 0 0 0
199 19.900000000000002 20 83.820999999999998 13113 2602790 8593 292 1 297789 118.88716282920232 126 121.78851772490002 118.15909241025417 442400 121.03264819995778 185 122.42659248145851 119.62798077351343 969 32.542617797851562 2 34.554940223693848 22.116253490447999 0 0 0 0 0
