0 0 0.050000000000000003 48.649000000000001 3232 3232 1773 209 1 700 70.61198921809121 126 72.040405061509873 41.202859444391173 1049 72.613019726727458 185 73.315526601430534 41.51606664049303 2 15.709667205810547 1 16.027023315429688 4.4468984508514406 0 0 0 0 0
1 0.050000000000000003 0.10000000000000001 53.610999999999997 6696 9928 5196 292 1 1451 100.1123906090146 126 104.83069192795526 89.999965212988485 2154 101.41355541332348 185 104.80778491045977 90.945968962385848 5 27.643630504608154 2 29.353016376495361 18.184974985122679 0 0 0 0 0
2 0.10000000000000001 0.14999999999999999 54.573 6474 16402 6225 292 1 2196 110.78073925442166 126 115.78822029961481 107.69195065695141 3266 112.87693015433646 185 116.82855917440878 108.86709863776126 7 24.964336395263672 2 27.704169750213623 22.652592406272888 0 0 0 0 0
3 0.14999999999999999 0.20000000000000001 68.209999999999994 6543 22945 6640 292 1 2960 117.43284824916294 126 119.64068651956225 114.68404246375674 4396 119.22096541121199 185 120.53742123165647 115.88136102872284 9 23.117095768451691 2 26.972810387611389 21.828831689357756 0 0 0 0 0
4 0.20000000000000001 0.25 68.453999999999994 6510 29455 6936 292 1 3714 120.40821977645632 126 122.59276611085922 116.73682503473191 5498 120.33006138157201 185 122.37952150911899 118.03709814948004 12 31.290557861328125 2 34.581415176391602 21.907995371818544 0 0 0 0 0
5 0.25 0.29999999999999999 63.395000000000003 6508 35963 7147 292 1 4422 115.07942793104384 126 123.02571305774507 117.65663603040906 6565 116.6298044153162 185 123.69730397817251 119.0147266004408 14 25.33892297744751 2 31.731346607208252 25.892322430610658 0 0 0 0 0
6 0.29999999999999999 0.35000000000000003 57.718000000000004 6511 42474 7312 292 1 5210 122.30968239193871 126 122.40895667908684 117.92116341848221 7727 122.90320418074324 185 122.93499982679212 119.4107385468354 16 23.149437189102173 2 27.579025983810425 22.167664382457733 0 0 0 0 0
7 0.35000000000000003 0.40000000000000002 51.369999999999997 6515 48989 7442 292 1 5928 118.04961861504449 126 123.15492617894732 118.18585946703715 8805 119.82583284120302 185 124.06239112647805 119.58724458189268 19 31.302458763122559 2 34.594563484191895 21.928235311508178 0 0 0 0 0
8 0.40000000000000002 0.45000000000000001 51.668999999999997 6527 55516 7543 292 1 6682 119.55069817437067 126 122.97760603162978 118.19642161656942 9919 120.65276650093698 185 123.85165351661476 119.61373408302101 21 25.343301057815552 2 31.73964786529541 25.899769558906556 0 0 0 0 0
9 0.45000000000000001 0.5 51.142000000000003 6424 61940 7621 292 1 7390 114.022277650379 126 122.0276603093223 117.85425368051679 10980 115.79168944487701 185 123.31900424441775 119.51531097329629 24 29.106977462768555 2 34.157353401184082 26.27383372783661 0 0 0 0 0
10 0.5 0.55000000000000004 57.984000000000002 6613 68553 7691 292 1 8177 120.83459073021298 126 123.03236050075955 118.17623387654623 12138 121.39904117068728 185 123.99557272421347 119.63774312942091 26 24.432249546051025 2 30.618139743804932 24.62812931060791 0 0 0 0 0
11 0.55000000000000004 0.59999999999999998 53.744999999999997 6436 74989 7747 292 1 8896 116.8804174756247 126 122.64261124626039 118.04174919370624 13222 119.03220029263883 185 123.47142527812235 119.53243629249364 29 29.066020488739014 2 33.433877944946289 25.412417426109315 0 0 0 0 0
12 0.59999999999999998 0.65000000000000002 51.476999999999997 6554 81543 7812 292 1 9649 118.07680232941158 126 122.8196163480244 118.33934418572321 14332 119.34713839969119 185 123.71217993658942 119.6881961480218 31 24.079693555831909 2 30.588992118835449 24.936633014678954 0 0 0 0 0
13 0.65000000000000002 0.70000000000000007 50.835999999999999 6546 88089 7870 292 1 10401 119.27122963799371 126 122.76833597819011 118.18255704607282 15435 119.06231103845545 185 123.85046176394901 119.52523251425256 33 22.311056554317474 2 27.386106967926025 21.751009157896043 0 0 0 0 0
14 0.70000000000000007 0.75 51.441000000000003 6506 94595 7900 292 1 11143 118.81464270939902 126 122.63267038738917 118.22981908525739 16553 120.45622241045977 185 123.59540219693571 119.48484721168312 36 27.250027179718018 2 33.228280067443848 25.110251547098159 0 0 0 0 0
15 0.75 0.80000000000000004 51.895000000000003 6546 101141 7951 292 1 11905 121.57085158332946 126 122.58379291352772 118.22361673264272 17678 122.49412062361434 185 123.65830882304424 119.60400511540591 38 23.047228336334229 2 30.0879807472229 24.160915102958679 0 0 0 0 0
16 0.80000000000000004 0.84999999999999998 56.069000000000003 6466 107607 7990 292 1 12621 116.99669338407971 126 122.39115917871869 118.17934812515499 18752 118.96913980020059 185 122.95306771768107 119.59793387005779 40 21.243243634700775 2 27.319383859634399 21.786010849475861 0 0 0 0 0
17 0.84999999999999998 0.90000000000000002 51.921999999999997 6531 114138 8022 292 1 13371 117.97645671783931 126 122.24594497680664 118.07759768047026 19855 118.70914908744193 185 123.14736567316828 119.50061657055005 43 25.338785648345947 2 35.342655181884766 25.945277453660964 0 0 0 0 0
18 0.90000000000000002 0.95000000000000007 54.256999999999998 6577 120715 8056 292 1 14114 117.85977003309462 126 122.66434739127992 118.05200974721754 20967 119.49828408730997 185 123.26088916675465 119.43491981877507 45 21.434592008590698 2 29.832855701446533 23.865288727283477 0 0 0 0 0
19 0.95000000000000007 1 52.963000000000001 6533 127248 8089 292 1 14875 120.32089118352012 126 121.99233161078558 118.35703610011507 22095 121.80724392452755 185 122.81634005984745 119.65996854380018 48 24.083104133605957 2 35.8834228515625 27.377889254093169 0 0 0 0 0
20 1 1.05 52.338999999999999 6463 133711 8122 292 1 15593 116.15549584040566 126 122.40271256461976 118.09211810884021 23161 117.54181761870512 185 123.30387746450063 119.46613679215717 50 20.972647666931152 2 28.845102071762085 23.07945591688156 0 0 0 0 0
21 1.05 1.1000000000000001 50.064999999999998 6470 140181 8164 292 1 16335 115.64662903074235 126 122.25454294113885 118.2815517885723 24271 117.94283162709829 185 123.5184847857501 119.6029570213524 53 26.54277515411377 2 36.552786827087402 24.48538698911667 0 0 0 0 0
22 1.1000000000000001 1.1500000000000001 57.463000000000001 6615 146796 8193 292 1 17120 122.23271699935671 126 122.23271699935671 118.08270538330076 25420 122.72145138302365 185 122.73037521774704 119.48519679383979 55 20.946222543716431 2 32.518922328948975 25.540776734352111 0 0 0 0 0
23 1.1500000000000001 1.2 67.024000000000001 6466 153262 8216 292 1 17843 118.70351640004961 126 122.20897365751721 118.2559103187682 26509 120.69699187407622 185 123.53235106597076 119.73398699126372 58 23.499515056610107 2 34.362972259521484 27.472150316238402 0 0 0 0 0
24 1.2 1.25 51.642000000000003 6526 159788 8242 292 1 18596 119.98851267496745 126 122.51671709333148 118.25159924098422 27613 120.40809548867715 185 123.37309442468592 119.63734514968462 60 19.175502061843872 2 31.163902282714844 24.280925283432008 0 0 0 0 0
25 1.25 1.3 47.805 6434 166222 8267 292 1 19310 114.97451467362662 126 122.3072745913551 118.29734004550509 28685 116.67443913640203 185 123.39437082651499 119.58831143848317 62 17.171877384185791 2 27.95947003364563 21.983660411834716 0 0 0 0 0
26 1.3 1.3500000000000001 50.445 6612 172834 8289 292 1 20088 120.33109519595192 126 122.21958396548317 118.18884431384856 29840 121.98364233068517 185 123.52007091625316 119.60854684283282 66 30.212945938110352 2 33.489296436309814 27.088903044462203 0 0 0 0 0
27 1.3500000000000001 1.4000000000000001 48.185000000000002 6430 179264 8311 292 1 20815 117.53464126586914 126 122.07102711995442 118.16538674854095 30928 120.06110423320048 185 123.86487913389463 119.52497254242772 68 27.020440578460693 2 29.614690780639648 23.160689005851747 0 0 0 0 0
28 1.4000000000000001 1.45 50.109000000000002 6571 185835 8329 292 1 21564 118.25205515301417 126 122.14838899884906 118.17860404362753 32034 120.07886529870936 185 123.16322219436233 119.54995992299676 71 33.967814445495605 2 34.654008865356445 23.121864818334579 0 0 0 0 0
29 1.45 1.5 47.128 6411 192246 8347 292 1 22283 114.44200255378844 126 121.81276194254558 117.89904190790085 33097 115.59993661416543 185 122.57889177477037 119.35318562853014 73 27.589745759963989 2 33.295207977294922 26.314498414993285 0 0 0 0 0
30 1.5 1.55 48.359000000000002 6564 198810 8368 292 1 23061 119.77927471342541 126 122.60446942041791 118.20796034918891 34252 121.01088557887722 185 123.41986096356366 119.50781562434014 75 25.431745409965515 2 27.317617893218994 22.136491663455963 0 0 0 0 0
31 1.55 1.6000000000000001 48.219000000000001 6598 205408 8387 292 1 23821 122.26055242144872 126 122.3493290855771 118.17834916493251 35369 122.2687954876874 185 123.16423508927629 119.51135790850667 78 30.167124271392822 2 34.418498992919922 25.311814440488817 0 0 0 0 0
32 1.6000000000000001 1.6500000000000001 48.814999999999998 6399 211807 8397 292 1 24536 117.42764403328063 126 121.44222992185563 118.2767850445944 36446 119.09018901103252 185 122.77979439400337 119.57933648434202 80 26.191551923751831 2 29.569775104522705 23.935953130722044 0 0 0 0 0
33 1.6500000000000001 1.7 48.612000000000002 6513 218320 8407 292 1 25283 117.88201492551774 126 122.09372862558516 118.12156341552735 37548 118.76309447417388 185 123.15189316208298 119.45894402993692 82 24.614775121212006 2 26.76897406578064 21.561060397624971 0 0 0 0 0
34 1.7 1.75 49.340000000000003 6545 224865 8424 292 1 26029 118.12113528781467 126 122.00284951830668 118.17593803284655 38665 119.99216741613439 185 123.30387070114548 119.53990686859956 85 30.114488124847412 2 32.622635364532471 24.555104395747186 0 0 0 0 0
35 1.75 1.8 49.354999999999997 6569 231434 8435 292 1 26789 120.58955795045883 126 121.45088910299634 118.19107614063077 39791 122.10776936299092 185 122.71817045469543 119.63518436576226 87 25.293202877044678 2 30.087010383605957 24.773238439559936 0 0 0 0 0
36 1.8 1.8500000000000001 48.517000000000003 6463 237897 8451 292 1 27509 116.71150710090758 126 121.27962142702133 118.12509540012903 40863 118.41212686074746 185 122.85577165758288 119.55067880908865 90 31.739836692810059 2 36.509499549865723 23.61761254310608 0 0 0 0 0
37 1.8500000000000001 1.9000000000000001 52.049999999999997 6435 244332 8462 292 1 28259 117.502196781219 126 121.56714060949901 118.26478655618337 41970 118.38977116765203 185 123.12270986196157 119.6977834555136 92 25.230393409729004 2 32.492137908935547 26.444567999839784 0 0 0 0 0
38 1.9000000000000001 1.95 49.090000000000003 6587 250919 8481 292 1 29003 117.61412950546023 126 121.59208467271593 117.98439962841216 43083 119.20827104723131 185 123.03547590101087 119.51395717229066 94 22.567317962646484 2 28.221686840057373 22.636535897254944 0 0 0 0 0
39 1.95 2 48.363 6557 257476 8490 292 1 29759 119.29251231844464 126 121.41419226025778 118.33832321409194 44210 121.27668168351457 185 122.84170033222921 119.79001639206349 97 29.857351303100586 2 35.745737075805664 22.782620420455931 0 0 0 0 0
