0 0 0.050000000000000003 41.768000000000001 1402 1402 1401 112 1 2 0.29377586122543092 2 0.29377586122543092 0.02661229754251147 4 0.35608719490669871 4 0.36328063140044342 0.079894076579325901 0 0 0 0 0 0 0 0 0 0
1 0.050000000000000003 0.10000000000000001 45.514000000000003 4674 6076 4769 121 1 7 0.54670226763165186 6 0.73724972255646237 0.5432450855345955 10 0.59573781812513193 6 0.6200503220429292 0.41138640955332162 1 3.8674745559692383 1 9.9006595611572266 6.171069169044495 0 0 0 0 0
2 0.10000000000000001 0.14999999999999999 45.578000000000003 4490 10566 5792 121 1 13 0.76820454332563615 7 0.88245377843342132 0.73308633149616309 18 0.78851403545688936 8 0.85418700398625558 0.67400994767369449 2 5.7833285331726074 1 13.131046295166016 8.1032373952865608 0 0 0 0 0
3 0.14999999999999999 0.20000000000000001 43.398000000000003 4482 15048 6211 121 1 18 0.70367621618603904 7 1.1138169803316631 0.85753600385453976 24 0.74200043420533879 8 0.80379945136405329 0.6946987966846776 3 6.9467377662658691 1 14.2716064453125 8.8481852531433098 0 0 0 0 0
4 0.20000000000000001 0.25 45.101999999999997 4514 19562 6491 121 1 24 0.92613270263823255 8 0.92613270263823255 0.73214158455530831 30 0.68642044582882444 8 0.83167487737294787 0.7036748049452497 4 8.4417104721069336 1 14.199187278747559 8.5199277973175054 0 0 0 0 0
5 0.25 0.29999999999999999 39.990000000000002 4563 24125 6695 121 1 29 0.76126233642063446 9 1.2221007157885839 0.95687808216564241 39 0.87761079685108079 9 1.0298857792003735 0.78368809767027159 5 10.588292121887207 1 14.009682655334473 7.8748127841949467 0 0 0 0 0
6 0.29999999999999999 0.35000000000000003 39.177 4408 28533 6852 121 1 34 0.73200239666870659 9 1.0204617906184423 0.82261923140476612 44 0.68649267377080148 9 0.88540512291160789 0.72975392305528786 6 12.502436637878418 1 14.381223678588867 8.1049316120147701 0 0 0 0 0
7 0.35000000000000003 0.40000000000000002 39.063000000000002 4603 33136 6992 121 1 40 0.86087043802179986 10 1.0943807472903577 0.82479717140987763 52 0.72853099268835941 10 0.98920336542902765 0.82324553909817255 6 4.599390983581543 1 12.25487232208252 7.8242822742462161 0 0 0 0 0
8 0.40000000000000002 0.45000000000000001 49.280000000000001 4500 37636 7092 121 1 46 1.0123121195605822 10 1.096624588963413 0.80244857870929309 60 0.7829975766104621 11 0.95902235765714905 0.81094113546448754 7 5.7173314094543457 1 14.062360763549805 8.8932011604309089 0 0 0 0 0
9 0.45000000000000001 0.5 42.237000000000002 4524 42160 7170 121 1 48 0.57290987678552197 10 0.99226699658625184 0.75248322951710878 68 0.83212875796330943 11 0.94735336416476479 0.81622334873676305 8 7.6466536521911621 1 13.657215118408203 8.0899057006835946 0 0 0 0 0
10 0.5 0.55000000000000004 38.906999999999996 4491 46651 7237 121 1 54 0.68748374595417683 10 0.99157984506723185 0.83894901420008239 75 0.79006802061119596 11 1.0043731427675968 0.79839844490064149 9 10.919021606445312 1 13.336523056030273 6.7602438926696777 0 0 0 0 0
11 0.55000000000000004 0.59999999999999998 38.280000000000001 4476 51127 7293 121 1 60 0.89338532362192391 10 0.93192826375357862 0.74853150126317336 82 0.7581145048040796 11 0.88793651070949198 0.78839185135650458 10 13.340974807739258 1 14.165934562683105 7.6021840953826905 0 0 0 0 0
12 0.59999999999999998 0.65000000000000002 39.212000000000003 4566 55693 7358 121 1 65 0.86966602266248727 10 1.009494327895698 0.81713382740955909 88 0.63498830916108306 11 0.87591284886002541 0.77054775409591769 10 4.9078726768493652 1 13.07680606842041 8.3490565586090089 0 0 0 0 0
13 0.65000000000000002 0.70000000000000007 39.216000000000001 4512 60205 7414 121 1 69 0.75317933098117396 10 0.97318045537002262 0.7502464681190425 97 0.87095650007595882 11 0.90650089322715188 0.73935652686006093 11 5.8308148384094238 1 14.341485977172852 9.0862546634674075 0 0 0 0 0
14 0.70000000000000007 0.75 40.472999999999999 4513 64718 7445 121 1 73 0.66710883836651824 10 0.91869393961748025 0.72013337301658575 104 0.77248381665228183 11 1.0494922498996193 0.85424801003187922 12 7.262209415435791 1 14.050861358642578 8.5828726768493659 0 0 0 0 0
15 0.75 0.80000000000000004 40.616 4511 69229 7494 121 1 79 0.83834528538032571 10 1.0657456216734043 0.78285111406901664 111 0.73115998860952014 11 0.94826333615425473 0.79766869189117018 13 8.7979831695556641 1 14.218193054199219 8.4795320224761959 0 0 0 0 0
16 0.80000000000000004 0.84999999999999998 40.287999999999997 4526 73755 7533 121 1 84 0.84907569511871395 10 0.9695044953682338 0.7830273653661689 119 0.88800689861480453 11 0.88800689861480453 0.70958109760787835 14 11.182065010070801 1 13.933710098266602 7.6396798515319828 0 0 0 0 0
17 0.84999999999999998 0.90000000000000002 42.796999999999997 4517 78272 7569 121 1 88 0.76030629292703422 10 0.85441843713222565 0.72280541617546124 128 1.0069970456329551 11 1.0480933642065202 0.85516875445110285 15 13.626101493835449 1 14.182193756103516 7.580319881439209 0 0 0 0 0
18 0.90000000000000002 0.95000000000000007 39.161000000000001 4555 82827 7604 121 1 93 0.7488625248396501 10 1.0492320993562894 0.80498049131449545 134 0.84435774692007015 11 0.98705717276882476 0.80966704091993535 16 14.336854934692383 1 15.223395347595215 9.2963297748565665 0 0 0 0 0
19 0.95000000000000007 1 39.206000000000003 4514 87341 7639 121 1 98 0.72728651210257933 10 0.99908585978462527 0.81501182314861265 140 0.75488429750139652 11 0.83427613268832901 0.73723032016568912 16 5.2742376327514648 1 14.052966117858887 8.9722988414764409 0 0 0 0 0
20 1 1.05 39.287999999999997 4541 91882 7670 121 1 105 0.98478523404629403 11 1.0249750633897261 0.85617867915704626 148 0.84665950796491396 11 0.93570342069944823 0.77400427930560456 17 6.8568077087402344 1 13.80791187286377 8.4332027959823606 0 0 0 0 0
21 1.05 1.1000000000000001 38.232999999999997 4449 96331 7715 121 1 111 1.0516155306482284 11 1.162214918508429 0.8862167111824476 154 0.79640923773215433 12 0.95347494422332257 0.69839812270612345 18 8.1778287887573242 1 14.316694259643555 8.6921466541290275 0 0 0 0 0
22 1.1000000000000001 1.1500000000000001 39.564 4551 100882 7745 121 1 115 0.7416069462179925 11 1.2692920059840818 0.94183974315432051 162 0.84280234692442058 12 0.95025696234551027 0.8189341510497542 19 9.7791357040405273 1 14.29987907409668 8.4146521568298347 0 0 0 0 0
23 1.1500000000000001 1.2 39.308 4515 105397 7767 121 1 120 0.74605753136522568 11 1.0116783860019674 0.78924460430006704 170 0.82812033296134824 12 1.0795046863725057 0.87940052005736735 20 11.385680198669434 1 14.474035263061523 8.4094678688049314 0 0 0 0 0
24 1.2 1.25 40.128999999999998 4520 109917 7794 121 1 125 0.80371399156100487 11 0.90618489581087469 0.73656901884579218 176 0.73295840300820969 12 0.8269674309202143 0.74286219814696641 21 13.701008796691895 1 14.260156631469727 7.7077470302581785 0 0 0 0 0
25 1.25 1.3 38.125999999999998 4500 114417 7819 121 1 131 0.92485284211810648 11 1.0638339135196144 0.83244939180179911 184 0.76671171955059514 12 0.9600204905658658 0.83144807414909383 22 14.364413261413574 1 15.252658843994141 9.3432095146179197 0 0 0 0 0
26 1.3 1.3500000000000001 39.781999999999996 4524 118941 7841 121 1 135 0.78143446965830821 11 0.90653953932143139 0.77690964719397815 191 0.77406148491364379 12 0.90836951622764606 0.74948022829366834 22 5.2843751907348633 1 14.079978942871094 8.9895453453063965 0 0 0 0 0
27 1.3500000000000001 1.4000000000000001 39.298999999999999 4468 123409 7861 121 1 141 0.7720306527526114 11 1.143638300932402 0.9616910892838676 196 0.55746610438957733 12 0.97594040207567978 0.75497730426905929 23 6.1336002349853516 1 14.494674682617188 9.1592405319213874 0 0 0 0 0
28 1.4000000000000001 1.45 38.999000000000002 4556 127965 7877 121 1 146 0.70347967989123839 11 1.068294805349516 0.86151857765597084 205 0.73753030076721282 12 0.97657504364127623 0.79470330753297547 24 7.5824308395385742 1 14.095191955566406 8.565606775283813 0 0 0 0 0
29 1.45 1.5 40.412999999999997 4473 132438 7895 121 1 152 0.81112956530889024 11 1.2100628955502406 0.84580405278594328 211 0.68404030015904882 12 0.88715232863138915 0.70160558081651625 25 8.6755695343017578 1 14.592543601989746 8.9177578067779546 0 0 0 0 0
30 1.5 1.55 40.073999999999998 4510 136948 7914 121 1 158 0.93882168050084702 11 1.0585184291374776 0.8259614902651774 216 0.50834832294659538 12 0.92627077753904563 0.71448162344590316 26 11.628351211547852 1 13.64599609375 7.0766475057601932 0 0 0 0 0
31 1.55 1.6000000000000001 39.267000000000003 4557 141505 7939 121 1 161 0.66886232640023346 11 0.92023176807470919 0.74345941387737524 227 0.91402254862953891 12 0.99014876143759267 0.78755804402392049 26 4.2778325080871582 1 11.398094177246094 7.2772603988647457 0 0 0 0 0
32 1.6000000000000001 1.6500000000000001 39.289000000000001 4473 145978 7949 121 1 167 0.85395130562563615 11 1.0430183481030642 0.76913670092324216 232 0.64046620847835045 12 1.0559500243323081 0.8113705886979653 27 5.9342927932739258 1 13.473806381225586 8.3600492620468145 0 0 0 0 0
33 1.6500000000000001 1.7 40.145000000000003 4512 150490 7958 121 1 172 0.82967426042530401 11 0.97589642690625089 0.81768592844299803 241 0.82820303131118456 12 1.0056145099299709 0.78710725512435931 28 7.4036498069763184 1 14.040875434875488 8.5452879714965828 0 0 0 0 0
34 1.7 1.75 39.209000000000003 4518 155008 7974 121 1 175 0.58564974784517909 11 0.86734215435537465 0.71778293117947189 247 0.72549950107506089 12 0.87349965583232725 0.75032859572418287 29 8.7287054061889648 1 14.391201019287109 8.6881492328643795 0 0 0 0 0
35 1.75 1.8 38.935000000000002 4542 159550 7987 121 1 181 0.75763222574826061 11 0.92537401092714111 0.782112471872211 253 0.64742305607074246 12 0.95130597601607858 0.72594699528588147 30 10.400469779968262 1 14.322771072387695 8.3448993396759032 0 0 0 0 0
36 1.8 1.8500000000000001 40.329999999999998 4512 164062 8004 121 1 185 0.64391049795642852 11 0.96253788394541084 0.7475089396029424 261 0.78560154849206931 12 0.86822394924284618 0.72806359936670573 31 12.784607887268066 1 14.129177093505859 7.6396227741241454 0 0 0 0 0
37 1.8500000000000001 1.9000000000000001 39.189 4416 168478 8019 121 1 191 0.96186226260265495 11 0.96186226260265495 0.63759805303896189 268 0.76241470440480619 12 0.93121535637471775 0.77971249688887312 31 4.7031965255737305 1 12.531455993652344 8.0008700847625729 0 0 0 0 0
38 1.9000000000000001 1.95 39.433999999999997 4574 173052 8043 121 1 195 0.79902898033955128 11 1.0450641039249935 0.7961310593035007 276 0.83435790066333071 12 0.96138621253075296 0.79363874743253315 32 5.8368372917175293 1 14.072020530700684 8.8776603698730465 0 0 0 0 0
39 1.95 2 38.973999999999997 4541 177593 8053 121 1 200 0.77764100827505411 11 1.0252154915376939 0.81482561361277039 282 0.73644599920037312 12 0.87724357375082618 0.74558464729924911 33 7.1630992889404297 1 14.139074325561523 8.6869598007202153 0 0 0 0 0
