0 0 0.050000000000000003 327.45999999999998 1357 1357 1355 101 1 1 0.1450708025977725 1 0.15715332636757504 0.015105166056799511 3 0.26565158431594438 3 0.26565158431594438 0.061320277342925195 0 0 0 0 0 0 0 0 0 0
1 0.050000000000000003 0.10000000000000001 330.34199999999998 4671 6028 4765 116 1 6 0.47039804761371917 5 0.61310787049550863 0.4715657888139998 9 0.5328228460775839 6 0.55456775459083352 0.38414005867210593 1 3.7158288955688477 1 9.9006595611572266 6.3212036180496218 0 0 0 0 0
2 0.10000000000000001 0.14999999999999999 331.22000000000003 4476 10504 5774 116 1 11 0.70136023892296684 6 0.75977447676280185 0.56499046700341349 16 0.62545798791421425 8 0.88831601014008388 0.66504479691788976 2 5.5565609931945801 1 13.131046295166016 8.1776103830337519 0 0 0 0 0
3 0.14999999999999999 0.20000000000000001 331.31099999999998 4513 15017 6230 116 1 16 0.80935593635316883 6 0.85940368213350815 0.68673149335952044 24 0.71469874124269228 9 0.89504192197645027 0.77651355678970735 3 7.3701519966125488 1 13.700578689575195 8.2044848871231082 0 0 0 0 0
4 0.20000000000000001 0.25 329.49099999999999 4529 19546 6503 116 1 18 0.47598275116511751 6 0.79332961354936871 0.64751108922655609 31 0.73808080698992751 9 0.87491075412647146 0.73360776823920171 4 8.961456298828125 1 14.19560432434082 8.4245580387115471 0 0 0 0 0
5 0.25 0.29999999999999999 332.83300000000003 4579 24125 6718 118 1 25 0.82672094163440524 6 0.93468333047533791 0.76386859757559666 39 0.79062129226890765 9 0.99959877632759708 0.81284809339368691 5 10.77949333190918 1 14.262668609619141 8.2000794124603278 0 0 0 0 0
6 0.29999999999999999 0.35000000000000003 330.48899999999998 4443 28568 6844 118 1 30 0.8334344171342396 7 0.95867775356958784 0.78700417757034302 46 0.77889857421050201 9 0.86298811886761639 0.76836261249232918 6 11.753689765930176 1 14.941866874694824 9.0355101966857916 0 0 0 0 0
7 0.35000000000000003 0.40000000000000002 328.79500000000002 4523 33091 6956 120 1 35 0.86592172062586226 7 1.1008021831512451 0.76148732442704459 53 0.76887129964055245 10 0.97742691684413596 0.76668412329699509 6 4.3239421844482422 1 11.520951271057129 7.3556998252868651 0 0 0 0 0
8 0.40000000000000002 0.45000000000000001 332.86599999999999 4482 37573 7058 122 1 40 0.92051187677988933 7 0.9406717353396945 0.73960468144643865 60 0.78189735605910016 10 0.92984520196914677 0.74386050433725914 7 5.381584644317627 1 14.055057525634766 8.9529000854492189 0 0 0 0 0
9 0.45000000000000001 0.5 332.05900000000003 4564 42137 7141 122 1 43 0.62407930502815856 7 0.91258142391840613 0.7696686906710507 68 0.84828542398439877 11 0.9375003489288124 0.79913843943782792 8 7.2003178596496582 1 13.655263900756836 8.1993906784057611 0 0 0 0 0
10 0.5 0.55000000000000004 329.16399999999999 4515 46652 7218 122 1 48 0.66657085598461208 7 0.99440664360447539 0.75158283118927283 76 0.85964922167964886 11 1.1149048484660484 0.85361439675978712 9 9.4195289611816406 1 13.774030685424805 7.8029044389724733 0 0 0 0 0
11 0.55000000000000004 0.59999999999999998 329.07400000000001 4487 51139 7276 122 1 54 0.88150177641756955 7 0.99389042657992199 0.73959209357343969 81 0.65853295374561005 11 0.89468804148806103 0.73965245297269266 10 10.372708320617676 1 14.86750602722168 9.0563184642791743 0 0 0 0 0
12 0.59999999999999998 0.65000000000000002 331.31099999999998 4518 55657 7336 122 1 58 0.77792103449621841 7 0.86404688413890585 0.73746908429359648 89 0.73827867961010418 11 0.93853606777517373 0.78591391897896246 11 12.955368995666504 1 14.034383773803711 7.44307918548584 0 0 0 0 0
13 0.65000000000000002 0.70000000000000007 328.80000000000001 4610 60267 7387 122 1 62 0.71237895408615703 7 0.85287237960460882 0.69980950085815807 96 0.79605735383827136 11 0.89755208770668993 0.69955395784863339 11 4.7660155296325684 1 12.698835372924805 8.107736349105835 0 0 0 0 0
14 0.70000000000000007 0.75 329.62299999999999 4455 64722 7417 122 1 67 0.73238852574113045 7 0.97977729146147063 0.77384059685711104 103 0.7940231773228309 11 0.87687195597241663 0.75877069178674161 12 6.8704910278320312 1 13.29296875 7.9164999341964721 0 0 0 0 0
15 0.75 0.80000000000000004 330.33100000000002 4531 69253 7466 122 1 71 0.72226144586475416 7 0.79822233877244542 0.6449466805778894 111 0.85269780763034786 11 1.0208645105450036 0.80677503323149113 13 9.1641263961791992 1 13.671266555786133 7.7292256498336789 0 0 0 0 0
16 0.80000000000000004 0.84999999999999998 329.416 4556 73809 7516 122 1 77 0.82154284583197701 7 1.0884927567981539 0.85408912772088241 116 0.64224408694969282 11 0.92375772058951189 0.74889678467772414 14 10.70588493347168 1 14.451431274414062 8.473607063293457 0 0 0 0 0
17 0.84999999999999998 0.90000000000000002 329.87900000000002 4473 78282 7556 122 1 82 0.81106446092090911 7 0.9464830368284195 0.80402476507519938 126 0.97683546131958943 11 0.97683546131958943 0.74982433271102256 15 12.20820140838623 1 14.615870475769043 8.5126538372039793 0 0 0 0 0
18 0.90000000000000002 0.95000000000000007 332.66500000000002 4523 82805 7592 122 1 86 0.64719506767061019 7 1.0109725774280609 0.7971568511024355 131 0.72889032205626736 11 0.95749282725190754 0.78601466397184694 16 13.815238952636719 1 14.669525146484375 8.4089796638488767 0 0 0 0 0
19 0.95000000000000007 1 329.142 4549 87354 7640 122 1 93 1.0129001895113596 8 1.0129001895113596 0.74905063326869736 137 0.65233018653026509 11 0.85230689682591487 0.72444592244409522 16 5.0823445320129395 1 13.541679382324219 8.6458607292175298 0 0 0 0 0
20 1 1.05 336.06400000000002 6663 94017 8032 195 1 892 81.021165121169318 126 81.021165121169318 47.614511811089891 1312 80.731980112436659 185 80.731980112436659 47.745469270654631 18 12.242365837097168 1 18.632404327392578 12.911341094970703 0 0 0 0 0
21 1.05 1.1000000000000001 336.38400000000001 6437 100454 8091 195 1 1607 102.38660872928681 126 104.30429652380565 92.3395664856926 2389 104.12426931020376 185 105.6261022619299 93.273293513530007 21 22.255234241485596 2 28.863481521606445 20.086919832229615 0 0 0 0 0
22 1.1000000000000001 1.1500000000000001 335.72899999999998 6495 106949 8133 195 1 2360 113.3339491950141 126 114.73320122370644 108.68557272048223 3502 114.66911687077703 185 115.89362190865181 109.88457476806643 23 18.104506969451904 2 31.283254623413086 24.109364309310912 0 0 0 0 0
23 1.1500000000000001 1.2 334.58600000000001 6417 113366 8155 195 1 3074 112.06962282695467 126 119.66794065445188 114.58507409595306 4561 113.24618662241343 185 120.76610792005384 115.89524487717087 27 34.348597526550293 2 34.348597526550293 23.917802336215974 0 0 0 0 0
24 1.2 1.25 336.76100000000002 6638 120004 8188 213 1 3857 119.32375953311012 126 120.46833704388331 117.10387520078632 5733 121.67120394320101 185 121.67120394320101 118.36165242045635 29 28.345820665359497 2 33.668450355529785 25.942957973480226 0 0 0 0 0
25 1.25 1.3 342.25900000000001 6518 126522 8223 213 1 4585 117.27184870886424 126 121.35603701879107 117.58702300419884 6809 118.91084021490974 185 122.60283310348923 119.05717988875107 32 30.861258506774902 2 34.881406784057617 27.509627890586852 0 0 0 0 0
26 1.3 1.3500000000000001 341.714 6504 133026 8252 213 1 5330 117.44391087123326 126 121.76488010467045 118.08361185104128 7917 119.22007928796717 185 123.48922671756229 119.4776170654297 34 26.44690728187561 2 30.250164985656738 24.370350666046143 0 0 0 0 0
27 1.3500000000000001 1.4000000000000001 345.24299999999999 6473 139499 8277 213 1 6074 117.59863723270477 126 121.44822293236142 117.9420568544902 9006 117.6258056640625 185 122.27063371812974 119.30812074073589 37 31.294765949249268 2 33.901216506958008 25.200458674430848 0 0 0 0 0
28 1.4000000000000001 1.45 338.78199999999998 6518 146017 8298 213 1 6825 118.61145843021454 126 121.56750682043651 118.20362270173578 10147 121.39069758234797 185 123.44969090642155 119.62397495414115 39 25.83716869354248 2 30.675088405609131 25.403207001686095 0 0 0 0 0
29 1.45 1.5 338.64299999999997 6554 152571 8320 213 1 7581 120.46486367119684 126 120.98258039686415 118.16505160740442 11258 121.90644588985958 185 123.29243242418444 119.59748619038348 41 23.612070441246033 2 27.569704294204712 22.202921986579895 0 0 0 0 0
30 1.5 1.55 329.06999999999999 4517 157088 8331 213 1 7583 44.596722527155798 126 118.07950113690089 75.429478231157574 11262 45.124103731722442 185 119.49253820470861 76.449540375580639 41 8.6863978803157806 2 23.144520044326782 14.776917778849601 0 0 0 0 0
31 1.55 1.6000000000000001 328.18200000000002 4491 161579 8355 213 1 7587 16.737091079590812 126 43.87080204676068 28.216895870027088 11270 17.15560579042177 185 44.230587005615234 28.554619515187042 42 7.3021765798330307 2 17.604803651571274 11.370429593622685 0 0 0 0 0
32 1.6000000000000001 1.6500000000000001 330.62 4505 166084 8365 213 1 7593 6.6984049668387762 126 16.405674449981205 10.891019269246904 11278 6.897095548784411 185 16.815902003726443 11.021136671994181 43 6.7929480485618114 2 16.377109497785568 10.504154728725553 0 0 0 0 0
33 1.6500000000000001 1.7 329.07400000000001 4538 170622 8377 213 1 7598 2.9265203277269998 126 6.5657676855723066 4.527944011972064 11285 3.0197149199408453 185 6.7605239404214394 4.5954947952193184 44 7.7195302788168192 2 14.639938697218895 9.0826510539650922 0 0 0 0 0
34 1.7 1.75 329.68000000000001 4475 175097 8395 213 1 7603 1.5330787343638284 126 2.8685713826663912 2.1732052504827113 11293 1.7156662841100951 185 2.9599205964320414 2.1559173385259265 45 9.88685561157763 2 13.890511843375862 7.8542774394340817 0 0 0 0 0
35 1.75 1.8 331.22300000000001 4528 179625 8412 213 1 7608 1.0687494363103593 126 1.5027217585889121 1.2533524984310547 11300 1.0928512432285258 185 1.788727998089146 1.3733646746857746 46 12.244392749387771 2 14.084402806125581 7.6659587875753639 0 0 0 0 0
36 1.8 1.8500000000000001 337.495 4499 184124 8427 213 1 7614 1.0311879410393654 126 1.1939730003239617 0.98956811736145656 11306 0.84232871870736814 185 1.0712113466617224 0.89667437617359924 47 14.016911666782107 2 14.588952225982212 8.245146997774718 0 0 0 0 0
37 1.8500000000000001 1.9000000000000001 329.48599999999999 4466 188590 8441 213 1 7619 0.95253014126940383 126 1.0720674877483694 0.87152468905917257 11313 0.77557810740293687 185 0.94354648557869158 0.82284212825185565 47 5.1565380895626731 2 13.739358672406524 8.7720727626892039 0 0 0 0 0
38 1.9000000000000001 1.95 332.13299999999998 4568 193158 8456 213 1 7622 0.56843513320569716 126 1.0780261658013812 0.85645750878393556 11320 0.81438970347816075 185 0.91521119052493893 0.71833194892531327 48 6.2575522912811721 2 14.207762894511689 8.9099626166408417 0 0 0 0 0
39 1.95 2 328.24200000000002 4483 197641 8469 213 1 7628 0.68845829860277707 126 1.1350757454684566 0.83355383886689582 11326 0.72042550394764626 185 0.9321703283569297 0.74167631035398773 49 7.2185476300583105 2 14.536369581757754 9.0485806712658086 0 0 0 0 0
